-5 -3 20
-4,945648 -2,930037 20
-4,882964 -2,853629 20
-4,8125 -2,771 20
-4,734814 -2,68237 20
-4,650463 -2,587963 20
-4,56 -2,488 20
-4,463981 -2,382704 20
-4,362963 -2,272296 20
-4,2575 -2,157 20
-4,148148 -2,037037 20
-4,035463 -1,912629 20
-3,92 -1,784 20
-3,802315 -1,65137 20
-3,682963 -1,514963 20
-3,5625 -1,375 20
-3,441482 -1,231704 20
-3,320463 -1,085296 20
-3,2 -0,9359999 20
-3,080648 -0,7840368 20
-2,962963 -0,6296296 20
-2,8475 -0,4729998 20
-2,734815 -0,3143703 20
-2,625463 -0,1539627 20
-2,52 0,008000374 20
-2,418982 0,1712965 20
-2,322963 0,335704 20
-2,2325 0,5010002 20
-2,148148 0,6669632 20
-2,070463 0,8333705 20
-2 1 20
-1,939278 1,169389 20
-1,889778 1,344 20
-1,8505 1,5235 20
-1,820444 1,707556 20
-1,798611 1,895833 20
-1,784 2,088 20
-1,775611 2,283722 20
-1,772444 2,482667 20
-1,7735 2,6845 20
-1,777778 2,888889 20
-1,784278 3,0955 20
-1,792 3,304 20
-1,799944 3,514056 20
-1,807111 3,725333 20
-1,8125 3,9375 20
-1,815111 4,150223 20
-1,813944 4,363167 20
-1,808 4,576 20
-1,796278 4,788389 20
-1,777778 5 20
-1,7515 5,2105 20
-1,716444 5,419556 20
-1,671611 5,626834 20
-1,616 5,832001 20
-1,548611 6,034722 20
-1,468444 6,234667 20
-1,3745 6,4315 20
-1,265778 6,624889 20
-1,141278 6,8145 20
-1 7 20
-0,8396667 7,182241 20
-0,6595556 7,36237 20
-0,4609999 7,5405 20
-0,2453333 7,716741 20
-0,01388885 7,891204 20
0,2320001 8,064 20
0,4910001 8,235241 20
0,7617779 8,405037 20
1,043 8,573501 20
1,333334 8,740742 20
1,631445 8,90687 20
1,936 9,072 20
2,245667 9,236241 20
2,559111 9,399703 20
2,875 9,5625 20
3,192 9,724741 20
3,508778 9,886538 20
3,824 10,048 20
4,136334 10,20924 20
4,444445 10,37037 20
4,747001 10,5315 20
5,042667 10,69274 20
5,330112 10,8542 20
5,608001 11,016 20
5,875 11,17824 20
6,129778 11,34104 20
6,371 11,5045 20
6,597334 11,66874 20
6,807445 11,83387 20
7 12 20
7,185534 12,17528 20
7,362992 12,3559 20
7,532617 12,54123 20
7,694657 12,73066 20
7,849359 12,92357 20
7,996966 13,11936 20
8,137726 13,3174 20
8,271885 13,51708 20
8,399689 13,71778 20
8,521383 13,9189 20
8,637214 14,11981 20
8,747428 14,3199 20
8,852269 14,51855 20
8,951986 14,71516 20
9,046824 14,9091 20
9,137029 15,09976 20
9,222847 15,28652 20
9,304523 15,46878 20
9,382304 15,64591 20
9,456435 15,8173 20
9,527164 15,98233 20
9,594734 16,14039 20
9,659396 16,29087 20
9,721391 16,43315 20
9,780967 16,56661 20
9,838369 16,69064 20
9,893847 16,80463 20
9,947639 16,90795 20
10 17 20
