-0.000100708 -6.200229 0.08633423
-0.0004058838 -6.2009 0.1890411
-0.01448975 -6.254756 3.540077
-0.01526794 -6.26765 4.276222
-0.01320801 -6.293834 5.807732
-0.007150269 -6.315066 7.112003
-0.005059815 -6.319957 7.423779
-0.002694702 -6.324801 7.737957
-2.441406E-05 -6.3296 8.054607
0.003927612 -6.335788 8.472271
0.008795166 -6.342265 8.923019
0.01470032 -6.348971 9.405357
0.021521 -6.355533 9.897354
0.02841797 -6.361217 10.34196
0.0361084 -6.366694 10.79065
0.04511108 -6.37218 11.26561
0.05478515 -6.377208 11.72808
0.06551208 -6.381923 12.19487
0.07765808 -6.386401 12.6765
0.09009399 -6.390185 13.12674
0.1052307 -6.393909 13.62703
0.1189789 -6.396579 14.04411
0.1345581 -6.398921 14.47968
0.1524262 -6.400836 14.93816
0.1702179 -6.402049 15.3581
0.1906342 -6.402705 15.80126
0.2118134 -6.402667 16.2231
0.2334045 -6.40198 16.61883
0.2573151 -6.400538 17.02176
0.2815918 -6.39844 17.39773
0.3078369 -6.395534 17.77081
0.3346619 -6.391948 18.12063
0.3638367 -6.387439 18.46905
0.392981 -6.38235 18.78722
0.4240021 -6.376369 19.09658
0.4574951 -6.369311 19.40004
0.4921478 -6.36143 19.68393
0.5291809 -6.352412 19.95695
0.56716 -6.342586 20.20749
0.6072754 -6.33163 20.44275
0.6460022 -6.320544 20.64378
0.6884674 -6.307849 20.83733
0.7330841 -6.293971 21.01302
0.7811645 -6.278445 21.17323
0.8305572 -6.26192 21.30913
0.8786377 -6.245334 21.41572
0.9283355 -6.227695 21.50137
0.9862427 -6.206561 21.57215
1.308997 -6.142207 21.73951
1.530417 -6.125529 21.80495
1.679465 -6.11906 21.84045
1.840598 -6.114902 21.87365
2.011435 -6.112864 21.90444
2.259711 -6.113177 21.94304
2.478873 -6.115886 21.97243
2.709357 -6.120631 21.99959
3.159079 -6.134135 22.04397
3.376486 -6.14223 22.06212
3.628836 -6.152629 22.08096
3.943106 -6.166865 22.10152
4.33457 -6.186221 22.12325
4.644309 -6.202579 22.13779
5.061545 -6.225802 22.15418
5.370123 -6.243701 22.16418
5.670966 -6.261645 22.17237
6.160132 -6.291698 22.1827
6.487265 -6.312282 22.18773
6.832999 -6.334376 22.19154
7.102026 -6.351779 22.19349
7.419318 -6.372485 22.19473
7.813666 -6.398448 22.19474
8.265188 -6.428401 22.19279
8.657171 -6.454524 22.18951
9.197851 -6.490634 22.18267
10.14789 -6.553958 22.16458
10.59141 -6.583308 22.15363
11.04437 -6.613063 22.14086
11.41973 -6.6375 22.12911
11.71596 -6.656627 22.11909
12.05607 -6.678393 22.10679
12.46491 -6.704234 22.09089
13.59485 -6.773517 22.04069
14.1294 -6.804988 22.01374
14.51329 -6.826999 21.99312
14.86181 -6.846499 21.97347
15.23848 -6.867038 21.95123
15.59835 -6.886088 21.92899
16.085 -6.910899 21.89736
16.48623 -6.930461 21.86989
16.96676 -6.952739 21.8353
17.86085 -6.990413 21.76582
18.34148 -7.008395 21.72555
18.7272 -7.021525 21.69167
19.18258 -7.035403 21.64977
19.69002 -7.048587 21.60052
20.09662 -7.057239 21.55898
20.56266 -7.064807 21.5089
20.90796 -7.068645 21.46998
21.23151 -7.070727 21.43201
21.49611 -7.071254 21.39979
21.80729 -7.070384 21.36047
22.14241 -7.0675 21.31627
22.51919 -7.061549 21.26405
23.23561 -7.054118 21.16448
23.67957 -7.065799 21.11084
24.01636 -7.082606 21.07388
24.43416 -7.112239 21.03191
25.29111 -7.200809 20.95723
25.64843 -7.247905 20.92995
26.03493 -7.305148 20.90264
26.55984 -7.392863 20.86884
26.94968 -7.465137 20.84595
27.26969 -7.528842 20.82842
27.6764 -7.615336 20.80768
28.127 -7.718181 20.78652
28.68442 -7.855311 20.76274
29.22345 -7.998027 20.74201
29.92669 -8.198726 20.71793
31.16575 -8.590983 20.68245
31.75678 -8.794986 20.66817
32.24591 -8.971896 20.65746
32.63137 -9.116412 20.64967
33.07914 -9.289905 20.64127
33.61121 -9.50384 20.63211
35.16829 -10.17803 20.60973
35.76603 -10.45578 20.60256
36.4158 -10.76962 20.59549
37.01516 -11.07009 20.58953
37.79443 -11.47657 20.58245
38.48631 -11.85252 20.57667
39.07607 -12.18421 20.57202
39.61097 -12.49404 20.56797
40.06121 -12.76152 20.56464
40.76985 -13.19495 20.55949
41.40645 -13.59743 20.55489
42.99634 -14.65772 20.54297
43.61103 -15.08914 20.53803
44.21921 -15.52803 20.53288
44.67406 -15.86421 20.52881
45.23521 -16.28841 20.52351
46.83269 -17.55466 20.50635
47.49231 -18.10351 20.49819
48.14281 -18.66009 20.48944
48.97277 -19.3928 20.47714
49.56184 -19.92859 20.46757
50.02893 -20.3629 20.45945
50.59344 -20.89923 20.44896
51.23946 -21.52864 20.436
52.96455 -23.29451 20.39588
53.58376 -23.9598 20.37932
54.38341 -24.84467 20.35608
54.98247 -25.52716 20.33721
55.99891 -26.72499 20.30213
56.71301 -27.59768 20.27502
57.30378 -28.33988 20.25096
57.8149 -28.99726 20.22887
58.30566 -29.64214 20.20652
59.83369 -31.73817 20.12955
60.38891 -32.50727 20.10401
60.9757 -33.30381 20.08258
61.43505 -33.91532 20.0699
61.94314 -34.57907 20.06014
63.34899 -36.34359 20.05734
63.81396 -36.90305 20.06444
64.31026 -37.48658 20.07652
64.69026 -37.92368 20.08893
65.10094 -38.38655 20.10545
65.59358 -38.92859 20.12953
66.77267 -40.16693 20.206
67.24425 -40.63891 20.24391
67.70165 -41.08407 20.28459
68.10182 -41.46347 20.32325
68.47466 -41.80863 20.36177
68.88952 -42.18346 20.40737
70.06519 -43.19548 20.55109
70.48858 -43.54296 20.60754
70.89629 -43.86987 20.66395
71.20187 -44.11023 20.7074
71.55228 -44.38129 20.75832
71.95691 -44.68877 20.81839
72.46911 -45.07045 20.89599
73.59807 -45.88899 21.07054
74.27616 -46.37115 21.17564
74.75119 -46.70723 21.24846
75.21826 -47.03779 21.31889
75.71336 -47.3897 21.39179
76.11677 -47.67857 21.44952
76.65912 -48.07135 21.52429
77.04502 -48.35476 21.57523
77.48249 -48.68081 21.63041
77.80462 -48.92459 21.66918
78.18209 -49.21466 21.71245
78.62701 -49.56321 21.7603
79.13619 -49.97171 21.81063
79.96902 -50.66394 21.88221
80.7324 -51.32671 21.93557
81.1986 -51.7455 21.96221
81.66127 -52.17195 21.98414
82.26583 -52.74572 22.00599
82.80286 -53.27129 22.01892
83.4967 -53.97255 22.02668
83.99644 -54.49315 22.02609
84.50294 -55.03396 22.02029
85.01401 -55.59295 22.00921
85.81718 -56.49799 21.98145
86.39191 -57.16513 21.95404
86.95612 -57.83555 21.92117
87.49891 -58.49466 21.88416
88.22782 -59.401 21.82637
89.02218 -60.41553 21.75326
89.63315 -61.21421 21.69012
90.21262 -61.98598 21.62489
91.0136 -63.07483 21.52652
92.08501 -64.56954 21.38074
92.76738 -65.5433 21.27986
93.45605 -66.53646 21.17542
94.42131 -67.92802 21.03524
95.15175 -68.98198 20.93391
95.83521 -69.97011 20.84266
96.40319 -70.79349 20.76936
97.03741 -71.71601 20.69016
97.65917 -72.62445 20.61513
98.34729 -73.63551 20.53505
99.09261 -74.73862 20.45173
100.227 -76.43706 20.33154
101.438 -78.28251 20.21174
102.144 -79.37678 20.14586
102.793 -80.39677 20.08783
103.565 -81.62988 20.0219
104.1916 -82.64824 19.97086
104.9968 -83.98339 19.90849
105.6026 -85.00964 19.86396
106.3418 -86.29086 19.81241
106.9362 -87.34698 19.77318
107.4799 -88.33537 19.73907
108.0836 -89.46113 19.70318
108.9255 -91.08762 19.65674
109.5712 -92.38667 19.62404
110.1331 -93.55966 19.59772
110.6257 -94.62509 19.57637
111.0885 -95.66207 19.55784
111.6587 -96.99502 19.53715
112.3988 -98.8338 19.51412
112.8174 -99.94012 19.50319
113.2106 -101.0316 19.49445
113.5378 -101.9853 19.48842
113.8617 -102.9774 19.48367
114.5636 -105.3346 19.47827
114.8637 -106.4566 19.47844
115.1469 -107.6 19.48032
115.3789 -108.6147 19.48335
115.5807 -109.5704 19.48734
115.7851 -110.6282 19.49297
116.0052 -111.904 19.50138
116.2171 -113.3325 19.51278
116.3831 -114.6759 19.52528
116.6235 -117.4471 19.55604
116.6909 -118.7972 19.57323
116.7255 -120.1201 19.59134
116.7292 -121.4216 19.61028
116.7123 -122.401 19.62522
116.6623 -123.7299 19.64637
116.3891 -127.1753 19.70534
116.231 -128.4876 19.72915
116.0311 -129.88 19.75512
115.7242 -131.6781 19.78959
115.4474 -133.0792 19.81709
115.1377 -134.4813 19.84508
114.7897 -135.9068 19.87395
114.4469 -137.194 19.90033
114.1002 -138.4041 19.92535
113.6835 -139.7612 19.95361
112.1596 -144.0939 20.04469
111.6286 -145.4365 20.07301
110.8557 -147.2793 20.11184
110.2116 -148.7888 20.1435
109.5877 -150.2773 20.17454
108.808 -152.1769 20.21376
108.2159 -153.6508 20.24382
107.6724 -155.0297 20.27156
107.219 -156.2002 20.29478
106.7758 -157.3629 20.31749
106.3176 -158.5858 20.34094
105.7509 -160.1292 20.3698
104.7071 -163.0695 20.42197
104.3406 -164.1342 20.43977
103.9253 -165.3627 20.45944
103.4772 -166.7155 20.47989
103.1109 -167.8431 20.49583
102.6541 -169.2781 20.5145
102.2954 -170.4271 20.52795
101.936 -171.5983 20.54012
101.6139 -172.6651 20.54969
101.2824 -173.7786 20.55795
100.9879 -174.7805 20.56372
100.7145 -175.7207 20.56754
100.4491 -176.6408 20.56964
100.2053 -177.4914 20.56999
99.94433 -178.4058 20.56851
99.55973 -179.7564 20.56239
99.31652 -180.6089 20.55584
99.0798 -181.4346 20.54729
98.80549 -182.3827 20.53454
98.56896 -183.1899 20.52096
98.31396 -184.0458 20.50356
98.0904 -184.7813 20.48591
97.86478 -185.5072 20.46584
97.64398 -186.1996 20.44402
97.41951 -186.8836 20.41971
97.19692 -187.5406 20.39355
96.96981 -188.1882 20.36489
96.61819 -189.1437 20.31688
96.36269 -189.8016 20.27951
96.1189 -190.4012 20.24212
95.86359 -191.0001 20.20138
95.60783 -191.5712 20.15913
95.35445 -192.1098 20.11607
94.99226 -192.8353 20.05276
94.7094 -193.368 20.00215
94.4148 -193.8934 19.94856
94.12399 -194.3848 19.89497
93.69302 -195.0676 19.8146
93.35622 -195.567 19.75122
93.00488 -196.0591 19.68477
92.635 -196.5484 19.61459
92.09066 -197.2206 19.51113
91.67988 -197.6945 19.4331
91.25305 -198.1599 19.35218
90.37696 -199.0411 19.18695
89.97294 -199.4184 19.11123
89.50471 -199.8356 19.02393
89.00376 -200.2606 18.93109
88.53238 -200.6424 18.84427
87.7234 -201.2618 18.69656
87.11432 -201.7018 18.58642
86.44806 -202.1646 18.46714
85.86208 -202.6076 18.3651
85.28167 -203.1017 18.26777
84.75206 -203.6067 18.18274
84.15441 -204.2475 18.09193
83.67247 -204.8265 18.02339
83.20589 -205.4478 17.96178
82.78858 -206.0605 17.91134
82.39295 -206.698 17.86827
81.9938 -207.4041 17.83034
81.644 -208.0817 17.80244
81.29917 -208.8103 17.78069
80.95 -209.617 17.76547
80.67449 -210.3083 17.75912
80.41254 -211.015 17.75842
80.11004 -211.8969 17.76505
79.84954 -212.7177 17.7781
79.62119 -213.4872 17.79587
79.40976 -214.2433 17.81821
79.20873 -215.002 17.84518
79.00896 -215.7943 17.87794
78.78652 -216.7194 17.92183
78.58822 -217.5788 17.96775
78.4135 -218.3589 18.01355
78.21665 -219.257 18.07093
78.0378 -220.0834 18.12799
77.84732 -220.9657 18.19331
77.67169 -221.7729 18.25697
77.50542 -222.5245 18.31955
77.33565 -223.2734 18.38504
77.14495 -224.086 18.45967
76.9678 -224.809 18.52922
76.7859 -225.5165 18.60017
76.59428 -226.2217 18.67383
76.37829 -226.9666 18.7549
76.15092 -227.6947 18.83751
75.93636 -228.331 18.9126
75.70634 -228.9617 18.98984
75.45872 -229.5855 19.06917
75.19892 -230.1835 19.1482
74.90929 -230.7887 19.23143
74.62356 -231.3284 19.30875
74.27398 -231.9201 19.39729
73.91164 -232.463 19.48258
73.57079 -232.9163 19.5573
73.1902 -233.3647 19.63496
72.7236 -233.8416 19.72266
72.27129 -234.2374 19.80058
71.83413 -234.5656 19.8699
71.3649 -234.8658 19.93842
70.85635 -235.1376 20.00647
70.24468 -235.3999 20.08061
69.69089 -235.5843 20.14124
69.08416 -235.7354 20.20131
68.30247 -235.8617 20.26994
67.67242 -235.9144 20.31882
66.97527 -235.9278 20.36689
66.15484 -235.8902 20.41616
65.39713 -235.81 20.45533
64.5659 -235.6776 20.49198
63.7459 -235.5063 20.52227
62.87316 -235.2845 20.54866
61.90957 -234.9971 20.57145
60.9385 -234.6672 20.58826
59.88795 -234.2695 20.60012
58.86443 -233.8763 20.60671
57.89081 -233.5309 20.60934
56.8807 -233.2035 20.60818
55.91942 -232.9223 20.60325
54.99046 -232.6797 20.59479
54.06457 -232.4677 20.58262
53.15266 -232.2889 20.56684
52.13726 -232.1261 20.5447
51.27 -232.0184 20.52184
50.37353 -231.9384 20.49425
49.57905 -231.8949 20.46634
48.59486 -231.8777 20.42715
47.82589 -231.8931 20.3929
47.05154 -231.9346 20.35513
46.33764 -231.9963 20.31734
45.60517 -232.0831 20.27561
44.93056 -232.1842 20.23452
44.2474 -232.3072 20.1903
43.59053 -232.4447 20.14536
42.97239 -232.5911 20.10092
42.32549 -232.7614 20.05226
41.64471 -232.9589 19.99875
40.996 -233.1635 19.94569
40.36494 -233.3768 19.89229
39.73421 -233.6028 19.8373
39.0897 -233.8451 19.77966
38.50816 -234.0721 19.7266
37.90005 -234.3161 19.67029
37.35627 -234.5382 19.61945
36.82217 -234.7582 19.56927
36.27057 -234.9853 19.51746
35.75029 -235.1976 19.46884
35.21285 -235.4129 19.41913
34.69949 -235.6126 19.37238
34.16807 -235.8111 19.32504
33.68027 -235.984 19.28276
33.16743 -236.1541 19.23978
32.64914 -236.3119 19.19812
32.13206 -236.4531 19.15861
31.6157 -236.576 19.12145
31.06808 -236.6844 19.08479
30.54612 -236.765 19.05273
30.01032 -236.8229 19.02295
29.5068 -236.8531 18.99801
28.99296 -236.8586 18.97576
28.46954 -236.837 18.95653
27.96525 -236.7894 18.94137
27.39939 -236.7043 18.92838
26.85798 -236.5908 18.91997
26.31612 -236.4459 18.91552
25.77064 -236.2684 18.91504
25.19124 -236.0451 18.91889
24.60602 -235.7839 18.92729
24.02073 -235.4873 18.94015
23.39242 -235.1305 18.9588
22.7829 -234.7475 18.98155
22.13529 -234.3017 19.01061
21.49341 -233.822 19.0442
20.82479 -233.2837 19.08405
20.16877 -232.7188 19.1278
19.48325 -232.0913 19.17819
18.72216 -231.3522 19.23949
18.05332 -230.6678 19.29776
17.29751 -229.8438 19.36721
16.61667 -229.0199 19.43048
15.61341 -227.6212 19.52492
15.12915 -226.8443 19.57112
14.62642 -225.9456 19.61962
14.21308 -225.1182 19.65998
13.72625 -224.0093 19.70822
13.39675 -223.1498 19.7414
13.08143 -222.2152 19.77367
12.79279 -221.2282 19.80378
12.56404 -220.3206 19.82817
12.33333 -219.2397 19.8534
12.16993 -218.3214 19.87184
12.01687 -217.2741 19.88977
11.89358 -216.2005 19.90497
11.80417 -215.1674 19.9168
11.73829 -214.0807 19.92649
11.69828 -212.9794 19.93367
11.6826 -211.8648 19.93842
11.6892 -210.7695 19.94081
11.71416 -209.7159 19.94114
11.76047 -208.5594 19.93944
11.82403 -207.4108 19.93577
11.90047 -206.2976 19.93047
11.99087 -205.1729 19.92353
12.1001 -203.973 19.91447
12.22154 -202.7656 19.90379
12.34633 -201.616 19.89229
12.48162 -200.4407 19.87928
12.63926 -199.1357 19.86351
12.79306 -197.908 19.84751
13.0057 -196.2563 19.82441
13.18412 -194.8918 19.80412
13.35024 -193.6248 19.78444
13.49811 -192.4908 19.76622
13.66711 -191.1765 19.74449
13.81821 -189.9748 19.72413
13.99634 -188.5092 19.69878
14.13695 -187.2995 19.67751
14.29542 -185.8567 19.65187
14.4742 -184.079 19.62002
14.57528 -182.968 19.60007
14.68707 -181.5992 19.57555
14.79803 -179.9977 19.54704
14.87602 -178.5896 19.52227
14.92827 -177.3449 19.5007
14.96808 -175.8749 19.47572
14.98228 -174.3951 19.45123
14.96972 -172.9833 19.4286
14.94014 -171.8568 19.41113
14.88512 -170.5952 19.39227
14.77843 -168.9754 19.36926
14.68246 -167.8858 19.35463
14.54325 -166.6048 19.33838
14.34129 -165.1003 19.32072
14.07973 -163.5096 19.30391
13.78532 -162.0114 19.28997
13.47937 -160.6685 19.27919
13.19437 -159.5569 19.27156
12.73932 -157.984 19.26295
12.29897 -156.6378 19.25775
11.79271 -155.2493 19.25464
11.17911 -153.7377 19.25401
10.62513 -152.4698 19.25548
10.14074 -151.4178 19.25805
9.49645 -150.0912 19.26313
8.9307 -148.9874 19.269
8.348181 -147.9041 19.27629
7.514975 -146.4382 19.28868
6.8711 -145.3654 19.29968
6.307761 -144.4654 19.31025
5.68093 -143.5023 19.32294
4.786612 -142.1918 19.34263
4.118994 -141.2573 19.35844
3.515509 -140.4418 19.37349
2.698782 -139.3784 19.39492
2.082068 -138.6034 19.41186
1.410681 -137.7848 19.431
0.7215332 -136.9694 19.45137
0.008688355 -136.1502 19.47315
-0.6762177 -135.3843 19.49473
-1.379984 -134.6169 19.51754
-2.075342 -133.8763 19.54067
-2.790048 -133.1316 19.56504
-3.861398 -132.0428 19.60262
-4.516672 -131.3908 19.62621
-5.218454 -130.7027 19.65196
-5.901453 -130.0414 19.67747
-6.57644 -129.3946 19.70312
-7.250162 -128.7544 19.72913
-7.916498 -128.1249 19.75525
-8.611399 -127.4709 19.7829
-9.237085 -126.8827 19.80814
-9.869455 -126.2874 19.83397
-10.52026 -125.6725 19.86089
-11.16438 -125.0598 19.88785
-11.78668 -124.4623 19.91421
-12.39514 -123.871 19.94026
-13.26023 -123.0143 19.97778
-13.89187 -122.3736 20.00552
-14.48097 -121.7615 20.03166
-15.03716 -121.1681 20.05658
-15.59863 -120.5508 20.08195
-16.1816 -119.8868 20.10855
-16.81457 -119.1336 20.13772
-17.244 -118.5997 20.15768
-17.73835 -117.9576 20.18084
-18.29328 -117.1951 20.20706
-18.88465 -116.3218 20.23529
-19.31057 -115.6442 20.25581
-19.66221 -115.0466 20.27288
-20.12673 -114.1906 20.29562
-20.41473 -113.6123 20.30983
-20.74331 -112.8952 20.32617
-21.072 -112.0984 20.34266
-21.3681 -111.2877 20.35766
-21.63203 -110.4591 20.37118
-21.92922 -109.3384 20.38661
-22.0971 -108.559 20.39547
-22.23991 -107.7456 20.40314
-22.357 -106.8809 20.4096
-22.43955 -106.0217 20.41433
-22.49583 -105.0091 20.41784
-22.51029 -104.025 20.41923
-22.50306 -103.1186 20.41932
-22.50674 -102.1856 20.41953
-22.52548 -101.1005 20.41997
-22.55343 -100.1538 20.42051
-22.60006 -99.01562 20.42134
-22.65597 -97.94061 20.42229
-22.71813 -96.92957 20.42332
-22.78968 -95.9062 20.42448
-22.8767 -94.79031 20.42589
-22.97691 -93.62258 20.4275
-23.08236 -92.48772 20.42918
-23.19903 -91.31332 20.43104
-23.32141 -90.14934 20.433
-23.48724 -88.65472 20.43565
-23.64855 -87.26899 20.43826
-23.79406 -86.06263 20.44061
-23.94424 -84.8511 20.44306
-24.10235 -83.6043 20.44566
-24.25614 -82.41334 20.44821
-24.41679 -81.18657 20.4509
-24.5866 -79.9034 20.45378
-24.75588 -78.63317 20.45668
-24.92152 -77.3943 20.45956
-25.08837 -76.14587 20.4625
-25.25639 -74.88419 20.46551
-25.42227 -73.6297 20.46854
-25.58709 -72.36971 20.4716
-25.74948 -71.11057 20.47468
-25.90942 -69.84745 20.47778
-26.07043 -68.54675 20.48099
-26.23287 -67.19672 20.48432
-26.3804 -65.92923 20.48745
-26.52235 -64.66237 20.49057
-26.65324 -63.44251 20.49355
-26.77755 -62.22495 20.49652
-26.88456 -61.11814 20.4992
-26.98635 -59.9997 20.50188
-27.07685 -58.93479 20.50441
-27.16242 -57.84535 20.50696
-27.25237 -56.57738 20.50989
-27.32057 -55.48973 20.51236
-27.38055 -54.38794 20.51482
-27.42906 -53.32512 20.51714
-27.46781 -52.25945 20.51941
-27.49558 -51.21025 20.52159
-27.51179 -50.2105 20.52361
-27.51724 -49.1755 20.52563
-27.51022 -48.12838 20.52761
-27.49021 -47.1044 20.52946
-27.45783 -46.11933 20.53115
-27.41306 -45.16101 20.53273
-27.35011 -44.14293 20.5343
-27.27491 -43.18084 20.53568
-27.18536 -42.23864 20.53694
-27.07769 -41.28727 20.53809
-26.95254 -40.34438 20.53912
-26.73942 -39.00077 20.54035
-26.59292 -38.20916 20.54094
-26.41398 -37.347 20.54144
-26.21105 -36.47629 20.5418
-26.00215 -35.67257 20.54199
-25.76069 -34.83518 20.54215
-25.47161 -33.92022 20.54431
-25.20191 -33.13115 20.54837
-24.90309 -32.31543 20.55469
-24.55731 -31.43453 20.56393
-24.22859 -30.64898 20.5743
-23.89636 -29.89835 20.58606
-23.52648 -29.10643 20.60043
-23.1746 -28.3901 20.61517
-22.7937 -27.65018 20.63212
-22.40676 -26.93186 20.65024
-22.01907 -26.24193 20.66918
-21.61021 -25.54322 20.6899
-21.19752 -24.86501 20.71148
-20.77252 -24.19214 20.73431
-20.34638 -23.54116 20.75773
-19.90843 -22.89467 20.78227
-19.46002 -22.25445 20.80783
-19.01121 -21.63385 20.83378
-18.53884 -21.00087 20.86143
-18.08264 -20.40773 20.88839
-17.61674 -19.81918 20.91615
-17.1349 -19.22751 20.94504
-16.66303 -18.66381 20.97345
-16.18321 -18.1056 21.00243
-15.7096 -17.56863 21.03106
-15.24743 -17.05729 21.059
-14.75239 -16.52276 21.08887
-14.25993 -16.00386 21.11848
-13.78163 -15.5116 21.14711
-13.31576 -15.04277 21.17481
-12.84559 -14.57977 21.20255
-12.3511 -14.10346 21.23145
-11.82977 -13.61266 21.26152
-11.35177 -13.17254 21.2887
-10.88055 -12.74765 21.31506
-10.41339 -12.33498 21.34072
-9.965006 -11.94673 21.36483
-9.529703 -11.57698 21.3877
-9.065531 -11.19036 21.41142
-8.63624 -10.83972 21.43268
-8.213297 -10.5007 21.4529
-7.637384 -10.04926 21.47913
-7.264673 -9.763331 21.49518
-6.872949 -9.46812 21.51117
-6.489938 -9.184756 21.5258
-6.106775 -8.90655 21.53933
-5.736551 -8.64284 21.55119
-5.364038 -8.382678 21.56175
-5.015024 -8.143786 21.57019
-4.689798 -7.925578 21.57659
-4.363153 -7.710879 21.58134
-4.056421 -7.513591 21.584
-3.753549 -7.323169 21.58456
-3.474161 -7.151729 21.58289
-3.211206 -6.994441 21.57896
-2.95495 -6.845447 21.57236
-2.719217 -6.712695 21.56322
-2.500848 -6.594096 21.55129
-2.310342 -6.494861 21.53723
-2.132547 -6.406779 21.51981
-1.981714 -6.336665 21.50031
-1.853128 -6.281665 21.47846
-1.733865 -6.236773 21.45106
-1.636682 -6.208072 21.41901
-1.569086 -6.196414 21.38342
-1.49238 -6.185695 21.30059
-1.439767 -6.17837 21.20974
-1.390955 -6.171588 21.09607
-1.34382 -6.165065 20.95488
-1.301248 -6.159198 20.79602
-1.258646 -6.153354 20.60151
-1.221536 -6.148288 20.39727
-1.186426 -6.143519 20.16761
-1.15423 -6.139186 19.91891
-1.125208 -6.135303 19.65577
-1.097528 -6.13164 19.36124
-1.073557 -6.128505 19.06198
-1.048578 -6.125285 18.69232
-1.029733 -6.122905 18.36038
-1.013162 -6.120852 18.01551
-0.9983155 -6.119067 17.64621
-0.9857727 -6.117625 17.26843
-0.974466 -6.116397 16.84502
-0.966272 -6.115581 16.45359
-0.9598328 -6.115031 16.05112
-0.9549805 -6.114734 15.62411
-0.9518982 -6.114696 15.19152
-0.9504486 -6.114917 14.72816
-0.9514099 -6.11571 14.04188
-0.9535767 -6.11642 13.62999
-0.9573914 -6.117419 13.15874
-0.9628083 -6.118686 12.66272
-0.9697968 -6.120204 12.14988
-0.9787384 -6.12205 11.59846
-0.9885498 -6.124011 11.07343
-0.9997956 -6.126201 10.53472
-1.012018 -6.128535 10.00275
-1.025064 -6.131 9.477631
-1.039194 -6.133639 8.947289
-1.053079 -6.136218 8.455563
-1.067194 -6.138827 7.979271
-1.081583 -6.141482 7.514462
-1.101907 -6.145228 6.886581
-1.118463 -6.14828 6.395908
-1.133371 -6.151034 5.966892
-1.151819 -6.154452 5.450867
-1.168192 -6.157504 5.004837
-1.184579 -6.160571 4.567535
-1.200998 -6.163676 4.13776
-1.216592 -6.166644 3.736046
-1.231165 -6.169452 3.365364
-1.244959 -6.172145 3.017448
-1.258997 -6.174922 2.666267
-1.271829 -6.177516 2.346336
-1.284433 -6.18011 2.032021
-1.297525 -6.182887 1.704422
-1.308649 -6.185321 1.423523
-1.318155 -6.187495 1.179008
-1.32673 -6.189555 0.9531937
-1.334009 -6.191417 0.7542801
-1.340204 -6.193149 0.5753403
-1.346185 -6.195071 0.3851318
-1.349786 -6.196551 0.2464218
-1.351541 -6.197642 0.1503754
-1.351938 -6.198588 0.07526398
-1.350748 -6.199351 0.02419281
-1.34794 -6.199878 0.001472473
-1.346658 -6.2 0
-1.346658 -6.2 0
-1.346658 -6.2 0
-1.346658 -6.2 0
-1.346658 -6.2 0
-1.346658 -6.2 0
-1.346658 -6.2 0
-1.346658 -6.2 0
-1.346658 -6.2 0
-1.346658 -6.2 0
-1.346658 -6.2 0
-1.346658 -6.2 0
-1.346658 -6.2 0
-1.346658 -6.2 0
-1.346658 -6.2 0
-1.346658 -6.2 0
-1.346658 -6.2 0
-1.346658 -6.2 0
-1.346658 -6.2 0
-1.346658 -6.2 0
