-7 -1 18
-6.945648 -0.930037 18
-6.882963 -0.8536296 18
-6.8125 -0.771 18
-6.734814 -0.6823704 18
-6.650463 -0.587963 18
-6.56 -0.488 18
-6.463982 -0.3827036 18
-6.362963 -0.2722962 18
-6.2575 -0.1569999 18
-6.148148 -0.03703696 18
-6.035463 0.08737037 18
-5.92 0.2160002 18
-5.802315 0.3486298 18
-5.682963 0.4850372 18
-5.5625 0.625 18
-5.441482 0.7682964 18
-5.320463 0.914704 18
-5.2 1.064 18
-5.080648 1.215963 18
-4.962963 1.37037 18
-4.8475 1.527 18
-4.734815 1.68563 18
-4.625463 1.846037 18
-4.52 2.008 18
-4.418982 2.171297 18
-4.322963 2.335704 18
-4.2325 2.501 18
-4.148148 2.666963 18
-4.070463 2.833371 18
-4 3 18
-3.941426 3.171 18
-3.898074 3.350222 18
-3.8685 3.537 18
-3.851259 3.730667 18
-3.844907 3.930555 18
-3.848 4.136001 18
-3.859093 4.346333 18
-3.876741 4.560889 18
-3.8995 4.779 18
-3.925926 5 18
-3.954574 5.223223 18
-3.984 5.448 18
-4.012759 5.673667 18
-4.039407 5.899556 18
-4.0625 6.125 18
-4.080593 6.349334 18
-4.092241 6.571889 18
-4.096 6.792 18
-4.090425 7.009 18
-4.074074 7.222222 18
-4.0455 7.431 18
-4.003259 7.634666 18
-3.945908 7.832556 18
-3.872 8.024001 18
-3.780092 8.208334 18
-3.66874 8.384889 18
-3.5365 8.552999 18
-3.381926 8.712 18
-3.203574 8.861222 18
-3 9 18
-2.766481 9.127352 18
-2.500741 9.243258 18
-2.205 9.3485 18
-1.881481 9.443851 18
-1.532407 9.530092 18
-1.16 9.608 18
-0.7664812 9.678352 18
-0.354074 9.741925 18
0.07500026 9.7995 18
0.5185188 9.851852 18
0.9742593 9.899759 18
1.440001 9.943999 18
1.913519 9.985353 18
2.392593 10.02459 18
2.875 10.0625 18
3.358519 10.09985 18
3.840927 10.13743 18
4.320001 10.176 18
4.793519 10.21635 18
5.25926 10.25926 18
5.715 10.3055 18
6.158519 10.35585 18
6.587593 10.41109 18
7.000001 10.472 18
7.393519 10.53935 18
7.765926 10.61393 18
8.115 10.6965 18
8.438519 10.78785 18
8.73426 10.88876 18
9 11 18
9.249826 11.12706 18
9.482553 11.26623 18
9.698922 11.4165 18
9.899668 11.5769 18
10.08553 11.74644 18
10.25725 11.92415 18
10.41556 12.10902 18
10.56119 12.30009 18
10.6949 12.49637 18
10.81742 12.69687 18
10.92948 12.90061 18
11.03182 13.10661 18
11.12518 13.31387 18
11.2103 13.52142 18
11.28792 13.72828 18
11.35877 13.93345 18
11.42359 14.13596 18
11.48313 14.33482 18
11.53811 14.52905 18
11.58928 14.71766 18
11.63738 14.89967 18
11.68314 15.07409 18
11.72729 15.23994 18
11.77059 15.39624 18
11.81377 15.54201 18
11.85756 15.67625 18
11.9027 15.79798 18
11.94994 15.90623 18
12 16 18
