-0.0002227783 -0.000819397 0.09025574
-0.0009094238 -0.003222656 0.2045746
-0.04177246 -0.1956894 4.566795
-0.04828797 -0.2417633 5.565033
-0.05698548 -0.3353454 7.656868
-0.05852661 -0.4112198 9.449284
-0.05800781 -0.4286911 9.878838
-0.0571228 -0.4460098 10.31206
-0.05584107 -0.4631531 10.74902
-0.05352173 -0.4852554 11.32584
-0.05021057 -0.5084259 11.94889
-0.04567871 -0.5323746 12.61613
-0.03994141 -0.5558426 13.29725
-0.03374634 -0.5761444 13.91313
-0.02643738 -0.5957138 14.53498
-0.01749573 -0.615329 15.19353
-0.007531738 -0.6332809 15.83498
0.003897095 -0.6501495 16.4826
0.01723328 -0.6661331 17.15094
0.03119507 -0.6796677 17.77579
0.04859009 -0.6929657 18.47012
0.06471863 -0.7025253 19.04891
0.08325806 -0.7108871 19.65329
0.1048492 -0.7177383 20.28931
0.1266541 -0.7220718 20.87166
0.1520142 -0.7244217 21.48593
0.1786102 -0.7242844 22.0703
0.206015 -0.7218124 22.61813
0.2366394 -0.7166626 23.17548
0.2680267 -0.7091553 23.69503
0.3022217 -0.698764 24.20999
0.3374237 -0.6859772 24.69221
0.3759979 -0.669841 25.17176
0.4147705 -0.6516678 25.6089
0.4562897 -0.630275 26.03307
0.5013641 -0.6050674 26.44813
0.5482544 -0.5768997 26.83529
0.5986084 -0.5446808 27.20634
0.6505188 -0.5095627 27.54544
0.7055877 -0.4704086 27.86225
0.7589782 -0.4307739 28.13136
0.8177398 -0.3854324 28.38853
0.8797363 -0.3358337 28.61972
0.9467682 -0.2803451 28.82779
1.01589 -0.2212936 29.00103
1.08338 -0.161998 29.13337
1.153342 -0.09897156 29.23549
1.235129 -0.02346344 29.31348
1.60311 0.2709244 29.46944
1.813345 0.4060639 29.52797
1.948126 0.4853409 29.55913
2.090064 0.5640457 29.58788
2.237616 0.6415756 29.61416
2.448294 0.7460755 29.64659
2.631812 0.8321503 29.67086
2.823157 0.9177979 29.69293
3.193762 1.073926 29.7282
3.37229 1.145276 29.74232
3.579382 1.225339 29.75677
3.837485 1.321561 29.77226
4.159811 1.436841 29.78831
4.415854 1.525021 29.79885
4.762595 1.64024 29.8105
5.020636 1.723187 29.81748
5.273673 1.802426 29.82312
5.688544 1.928281 29.83014
5.968558 2.010632 29.83353
6.266898 2.09628 29.8361
6.500845 2.162045 29.83746
6.778861 2.238705 29.8384
7.127722 2.33273 29.83866
7.531912 2.438916 29.83786
7.887137 2.52995 29.83632
8.384008 2.654019 29.83306
9.277868 2.868527 29.82467
9.704809 2.967419 29.8198
10.14762 3.067776 29.81429
10.51996 3.15051 29.80939
10.8174 3.215588 29.80532
11.16293 3.290082 29.80047
11.58423 3.379376 29.79441
12.78455 3.625302 29.77673
13.37224 3.741482 29.76808
13.80279 3.824963 29.76183
14.20015 3.90083 29.75616
14.6368 3.982968 29.75006
15.06134 4.061597 29.74429
15.64746 4.168302 29.73664
16.14169 4.25665 29.73051
16.74753 4.363004 29.72343
17.91884 4.562909 29.71133
18.57458 4.67172 29.70555
19.11535 4.759839 29.70136
19.77175 4.864957 29.69703
20.52809 4.98364 29.69308
21.15491 5.080091 29.69071
21.89828 5.192334 29.68899
22.46792 5.276807 29.68848
23.01759 5.357114 29.68868
23.47948 5.423703 29.68939
24.03808 5.503156 29.69091
24.65994 5.590253 29.69346
25.38695 5.690335 29.69762
26.77483 5.886807 29.70868
27.54903 6.010633 29.71624
28.09684 6.10484 29.72224
28.73549 6.221509 29.73002
29.92648 6.458173 29.74699
30.38324 6.555203 29.75447
30.85478 6.658719 29.7628
31.46185 6.796582 29.77452
31.89061 6.896695 29.78352
32.22993 6.977323 29.79109
32.64623 7.077619 29.80095
33.08974 7.185727 29.81217
33.61549 7.314862 29.82648
34.10258 7.434613 29.84078
34.71091 7.582852 29.86009
35.72147 7.820706 29.8959
36.18128 7.923078 29.91378
36.553 8.002164 29.92896
36.84103 8.060788 29.94118
37.17088 8.124738 29.95564
37.5571 8.19476 29.9732
38.66088 8.361142 30.027
39.07767 8.409192 30.0486
39.52848 8.451093 30.07269
39.94337 8.479978 30.09548
40.48315 8.503171 30.12592
40.9643 8.509793 30.15373
41.37692 8.504788 30.17802
41.75388 8.49162 30.20053
42.07364 8.474011 30.21983
42.58232 8.434033 30.25085
43.04586 8.385022 30.27943
44.23679 8.206464 30.35374
44.71217 8.11517 30.38364
45.19186 8.012189 30.41386
45.55715 7.926755 30.4369
46.01601 7.811246 30.46583
47.3769 7.419049 30.55141
47.96474 7.228696 30.58817
48.56066 7.024045 30.62526
49.34586 6.737805 30.67384
49.9211 6.517026 30.70919
50.38837 6.331281 30.73775
50.9668 6.093854 30.7729
51.64802 5.804364 30.81399
53.57559 4.93382 30.92847
54.30894 4.58505 30.97131
55.29096 4.104779 31.02809
56.05378 3.722134 31.07173
57.40443 3.026196 31.14801
58.3982 2.500592 31.20335
59.24997 2.041882 31.25028
60.00953 1.62695 31.29175
60.75934 1.212277 31.33233
63.23085 -0.1875031 31.4635
64.17792 -0.7539017 31.50908
65.20419 -1.399196 31.55289
66.02605 -1.938922 31.58398
66.95428 -2.572429 31.61496
69.62891 -4.534099 31.68117
70.54813 -5.253245 31.69648
71.54829 -6.060916 31.70907
72.32722 -6.707782 31.71603
73.18179 -7.435115 31.72089
74.22407 -8.346782 31.72303
76.79211 -10.70537 31.71144
77.84671 -11.71915 31.70012
78.88354 -12.74095 31.68548
79.8012 -13.66587 31.66971
80.66441 -14.55333 31.65255
81.63353 -15.56964 31.63069
84.4207 -18.60917 31.55335
85.43556 -19.75859 31.52017
86.41648 -20.89113 31.48571
87.15315 -21.75562 31.45832
87.99862 -22.76255 31.42538
88.97478 -23.94481 31.38539
90.20797 -25.46872 31.33202
92.90197 -28.91721 31.20512
94.4932 -31.03276 31.12416
95.59113 -32.52752 31.06596
96.65466 -34.00344 31.00791
97.76232 -35.57066 30.94587
98.64831 -36.84695 30.89518
99.81393 -38.5578 30.82721
100.6242 -39.76914 30.77921
101.5225 -41.13388 30.72539
102.1697 -42.13179 30.68628
102.912 -43.29222 30.64114
103.7642 -44.64599 30.58904
104.7085 -46.17432 30.53113
106.1803 -48.61956 30.44095
107.4489 -50.79465 30.36389
108.1857 -52.08941 30.31971
108.8886 -53.348 30.27814
109.7651 -54.95182 30.22736
110.5043 -56.33691 30.18571
111.4058 -58.07041 30.13682
112.0185 -59.27962 30.10508
112.6091 -60.47152 30.07589
113.1748 -61.63993 30.04947
114.0046 -63.40734 30.01409
114.5556 -64.62113 29.99331
115.0631 -65.77216 29.97655
115.5212 -66.84224 29.96376
116.0919 -68.22312 29.95163
116.6583 -69.65673 29.94483
117.0564 -70.71035 29.94402
117.4053 -71.67147 29.9467
117.8436 -72.9407 29.95578
118.3545 -74.53513 29.97729
118.6376 -75.49162 29.99635
118.9003 -76.42293 30.01668
119.2576 -77.70642 30.03786
119.52 -78.66312 30.04832
119.7596 -79.54838 30.05393
119.9543 -80.27761 30.05561
120.1672 -81.08582 30.05436
120.3711 -81.87278 30.05001
120.5915 -82.73858 30.04168
120.8239 -83.67154 30.02858
121.1649 -85.08521 30.0007
121.5122 -86.59171 29.96059
121.7064 -87.47135 29.93238
121.8796 -88.28264 29.90334
122.0788 -89.25286 29.86492
122.2348 -90.04583 29.83067
122.4277 -91.07475 29.78259
122.5669 -91.85786 29.74338
122.7296 -92.82667 29.69195
122.8545 -93.61832 29.6477
122.9638 -94.35392 29.60492
123.0794 -95.18594 29.55475
123.2296 -96.37799 29.47997
123.3354 -97.32236 29.41862
123.4202 -98.16984 29.36224
123.4884 -98.93568 29.3104
123.5468 -99.67788 29.25951
123.6102 -100.6278 29.19368
123.6765 -101.9316 29.10256
123.7047 -102.7131 29.04782
123.724 -103.4822 28.99405
123.734 -104.1532 28.94733
123.7375 -104.8501 28.89913
123.7187 -106.5034 28.78663
123.6965 -107.2896 28.73436
123.6651 -108.0909 28.68208
123.6299 -108.8022 28.63663
123.5906 -109.4726 28.5947
123.5402 -110.2151 28.54935
123.4698 -111.1119 28.49628
123.3788 -112.118 28.43908
123.2816 -113.0664 28.38758
123.0464 -115.0314 28.28899
122.9153 -115.9935 28.24493
122.7765 -116.9398 28.20442
122.6303 -117.8744 28.16724
122.5139 -118.5803 28.14106
122.3477 -119.5416 28.10807
121.8723 -122.0555 28.03664
121.675 -123.0216 28.01497
121.4561 -124.0521 27.9954
121.1593 -125.3916 27.97544
120.9171 -126.4424 27.96411
120.6654 -127.5003 27.95653
120.4003 -128.5824 27.95271
120.1529 -129.5654 27.95264
119.9137 -130.4947 27.95556
119.6378 -131.543 27.96226
118.7052 -134.9332 28.00816
118.4007 -135.9976 28.03001
117.9714 -137.4694 28.06588
117.6122 -138.6942 28.09837
117.2529 -139.9275 28.13165
116.7865 -141.5395 28.17595
116.4182 -142.8212 28.21179
116.0683 -144.046 28.24651
115.767 -145.1058 28.27692
115.4637 -146.1777 28.30798
115.1401 -147.3262 28.34161
114.7246 -148.8082 28.38548
113.9096 -151.7376 28.47364
113.6063 -152.8349 28.5071
113.2505 -154.1265 28.54676
112.8511 -155.5817 28.59176
112.5116 -156.8225 28.63035
112.0706 -158.4395 28.68093
111.7097 -159.7663 28.72263
111.3342 -161.1497 28.76626
110.9853 -162.438 28.807
110.6134 -163.8127 28.85055
110.2718 -165.077 28.89064
109.945 -166.2878 28.92904
109.6188 -167.4966 28.96736
109.3114 -168.6358 29.00343
108.9744 -169.8846 29.0429
108.4633 -171.7768 29.10249
108.1321 -173.0016 29.14087
107.8046 -174.2113 29.17859
107.4197 -175.6299 29.22256
107.0844 -176.8631 29.26051
106.7206 -178.1973 29.30123
106.401 -179.3662 29.33659
106.0787 -180.5408 29.37177
105.7648 -181.681 29.40557
105.4481 -182.8266 29.43914
105.1375 -183.9456 29.47153
104.825 -185.0663 29.50352
104.3517 -186.753 29.55075
104.017 -187.9375 29.5832
103.7054 -189.0333 29.61265
103.3876 -190.1435 29.64188
103.0783 -191.2169 29.66951
102.781 -192.2418 29.69529
102.3713 -193.6415 29.72945
102.0638 -194.6827 29.75404
101.7546 -195.7207 29.77779
101.46 -196.7009 29.79947
101.0421 -198.0769 29.82861
100.73 -199.0927 29.84907
100.417 -200.1006 29.86844
100.1005 -201.1087 29.88681
99.65699 -202.5019 29.91044
99.33839 -203.4882 29.92584
99.02071 -204.4591 29.93984
98.40684 -206.2987 29.96295
98.13924 -207.0851 29.97135
97.84012 -207.9526 29.97951
97.53209 -208.833 29.98651
97.25268 -209.6201 29.99163
96.79453 -210.8865 29.99741
96.46565 -211.7765 29.99954
96.11931 -212.6984 30
95.81592 -213.5185 30
95.5129 -214.3591 30
95.23381 -215.1537 30
94.91531 -216.0861 30
94.65515 -216.8692 30
94.3999 -217.6573 30
94.16824 -218.3904 30
93.94511 -219.1129 30
93.7159 -219.8723 30
93.51102 -220.5658 30
93.30469 -221.2781 30
93.09049 -222.0316 30
92.9171 -222.6512 30
92.74802 -223.2628 30
92.54685 -223.9984 30
92.36772 -224.6586 30
92.20553 -225.2587 30
92.05049 -225.8324 30
91.89831 -226.3938 30
91.74203 -226.9665 30
91.56166 -227.6195 30
91.39493 -228.213 30
91.24329 -228.7422 30
91.06718 -229.3417 30
90.90256 -229.8856 30
90.72284 -230.4597 30
90.55366 -230.9802 30
90.39097 -231.462 30
90.2229 -231.9403 30
90.03249 -232.4586 30
89.85475 -232.9203 30
89.67197 -233.3739 30
89.47965 -233.8288 30
89.26376 -234.314 30
89.038 -234.7944 30
88.82674 -235.2211 30
88.60237 -235.6519 30
88.36344 -236.0875 30
88.1157 -236.5163 30
87.84301 -236.9638 30
87.5775 -237.3773 30
87.25716 -237.8501 30
86.93003 -238.3068 30
86.62651 -238.7093 30
86.29204 -239.132 30
85.88784 -239.6166 30
85.50158 -240.0561 30
85.133 -240.4564 30
84.74206 -240.8629 30
84.32333 -241.2798 30
83.82591 -241.7531 30
83.38081 -242.1585 30
82.89832 -242.5809 30
82.28387 -243.0961 30
81.79389 -243.4908 30
81.2567 -243.9088 30
80.63053 -244.3788 30
80.0575 -244.7943 30
79.43414 -245.2321 30
78.82408 -245.6478 30
78.1797 -246.0746 30
77.47357 -246.5291 30
76.76715 -246.9715 30
76.00826 -247.4344 30
75.258 -247.8737 30
74.51676 -248.2835 30
73.71779 -248.6993 30
72.92756 -249.0852 30
72.1347 -249.448 30
71.31436 -249.7987 30
70.47549 -250.1323 30
69.50331 -250.4886 30
68.63943 -250.7787 30
67.71226 -251.0635 30
66.86005 -251.3018 30
65.76254 -251.5765 30
64.87132 -251.7739 30
63.94254 -251.9558 30
63.05734 -252.1073 30
62.11918 -252.2449 30
61.22738 -252.3546 30
60.29632 -252.4475 30
59.37381 -252.5184 30
58.48071 -252.5672 30
57.51955 -252.5986 30
56.47836 -252.6082 30
55.45756 -252.5934 30
54.43752 -252.5553 30
53.39148 -252.4922 30
52.29539 -252.4005 30
51.28323 -252.293 30
50.20201 -252.154 30
49.2161 -252.0059 30
48.23106 -251.8379 30
47.19744 -251.64 30
46.20841 -251.4304 30
45.17374 -251.1898 30
44.17439 -250.937 30
43.13012 -250.6514 30
42.16429 -250.3678 30
41.14303 -250.0478 30
40.10652 -249.7019 30
39.06992 -249.3345 30
38.03414 -248.9461 30
36.93706 -248.5114 30
35.89471 -248.0762 30
34.83011 -247.6092 30
33.8363 -247.1527 30
32.83031 -246.6702 30
31.81566 -246.1628 30
30.84896 -245.6596 30
29.77841 -245.0799 30
28.76932 -244.5116 30
27.7754 -243.9308 30
26.79182 -243.3353 30
25.76658 -242.6924 30
24.75203 -242.0335 30
23.75892 -241.3664 30
22.71714 -240.6427 30
21.73075 -239.9346 30
20.70883 -239.177 30
19.72233 -238.4221 30
18.7223 -237.6328 30
17.76803 -236.8565 30
16.79869 -236.0444 30
15.755 -235.1428 30
14.86526 -234.3515 30
13.87374 -233.4373 30
12.95537 -232.5412 30
11.54236 -231.0537 30
10.82764 -230.2436 30
10.05636 -229.3193 30
9.394217 -228.4792 30
8.57221 -227.3683 30
7.981848 -226.5177 30
7.382163 -225.6024 30
6.792746 -224.6456 30
6.287222 -223.7739 30
5.72692 -222.7449 30
5.28382 -221.8779 30
4.812308 -220.8965 30
4.36344 -219.8979 30
3.961783 -218.9433 30
3.568823 -217.9456 30
3.198889 -216.9402 30
2.851218 -215.9282 30
2.533576 -214.9386 30
2.248694 -213.9908 30
1.957419 -212.9545 30
1.688452 -211.9291 30
1.445486 -210.9386 30
1.216116 -209.9408 30
0.987677 -208.879 30
0.7731537 -207.8131 30
0.5817474 -206.8001 30
0.3977264 -205.7663 30
0.2056183 -204.6199 30
0.03522339 -203.5426 30
-0.1805664 -202.0944 30
-0.3491608 -200.8985 30
-0.4993683 -199.7882 30
-0.6296631 -198.7941 30
-0.7769715 -197.6414 30
-0.9092194 -196.5867 30
-1.068781 -195.2989 30
-1.200189 -194.2345 30
-1.357935 -192.9627 30
-1.555994 -191.3921 30
-1.683023 -190.408 30
-1.844141 -189.1927 30
-2.04075 -187.7663 30
-2.222345 -186.5077 30
-2.390832 -185.3913 30
-2.600763 -184.068 30
-2.825616 -182.7299 30
-3.054269 -181.4474 30
-3.247583 -180.4198 30
-3.476526 -179.2639 30
-3.791421 -177.7716 30
-4.017526 -176.7624 30
-4.299188 -175.5699 30
-4.653406 -174.1607 30
-5.05755 -172.6599 30
-5.46821 -171.2355 30
-5.862848 -169.9494 30
-6.209756 -168.8776 30
-6.733881 -167.3494 30
-7.215417 -166.03 30
-7.746027 -164.6574 30
-8.36558 -163.1485 30
-8.92309 -161.866 30
-9.41363 -160.7884 30
-10.07012 -159.4111 30
-10.64996 -158.2488 30
-11.24996 -157.0929 30
-12.11289 -155.5036 30
-12.78318 -154.3212 30
-13.37185 -153.3159 30
-14.02914 -152.2264 30
-14.97071 -150.7197 30
-15.67626 -149.6276 30
-16.31585 -148.6622 30
-17.18402 -147.3852 30
-17.84138 -146.4414 30
-18.55869 -145.4321 30
-19.2967 -144.4138 30
-20.06182 -143.3775 30
-20.7985 -142.3965 30
-21.557 -141.4019 30
-22.30787 -140.4308 30
-23.08105 -139.4434 30
-24.24258 -137.98 30
-24.95446 -137.093 30
-25.71801 -136.1483 30
-26.46223 -135.2328 30
-27.19876 -134.3305 30
-27.9349 -133.431 30
-28.6639 -132.5413 30
-29.42515 -131.6118 30
-30.11138 -130.7721 30
-30.80573 -129.9195 30
-31.52113 -129.0364 30
-32.22996 -128.155 30
-32.9155 -127.2949 30
-33.58648 -126.4439 30
-34.5416 -125.2134 30
-35.2398 -124.2962 30
-35.89162 -123.4237 30
-36.50759 -122.5821 30
-37.12995 -121.7119 30
-37.77676 -120.7829 30
-38.47971 -119.739 30
-38.95704 -119.0062 30
-39.50695 -118.1335 30
-40.12481 -117.1096 30
-40.78391 -115.955 30
-41.25909 -115.073 30
-41.65166 -114.3053 30
-42.17074 -113.2228 30
-42.49285 -112.5028 30
-42.86063 -111.6229 30
-43.22889 -110.6618 30
-43.561 -109.7016 30
-43.85734 -108.7384 30
-44.19158 -107.4639 30
-44.38071 -106.5962 30
-44.54194 -105.7063 30
-44.67451 -104.7773 30
-44.76841 -103.8711 30
-44.83312 -102.8234 30
-44.85091 -101.8254 30
-44.83665 -100.9186 30
-44.809 -99.98558 30
-44.76225 -98.90053 30
-44.7095 -97.95385 30
-44.63232 -96.81562 30
-44.54656 -95.74062 30
-44.45522 -94.72957 30
-44.35284 -93.70621 30
-44.23049 -92.59031 30
-44.09121 -91.42258 30
-43.94544 -90.28773 30
-43.78443 -89.11332 30
-43.6152 -87.94934 30
-43.38467 -86.45473 30
-43.15841 -85.06899 30
-42.9522 -83.86263 30
-42.73692 -82.6511 30
-42.50723 -81.4043 30
-42.28048 -80.21334 30
-42.03974 -78.98657 30
-41.78054 -77.7034 30
-41.51684 -76.43317 30
-41.25314 -75.19431 30
-40.98118 -73.94587 30
-40.70028 -72.6842 30
-40.41518 -71.4297 30
-40.12328 -70.16972 30
-39.82624 -68.91057 30
-39.52312 -67.64745 30
-39.20585 -66.34676 30
-38.87124 -64.99673 30
-38.55241 -63.72923 30
-38.22938 -62.46238 30
-37.91439 -61.24251 30
-37.59629 -60.02495 30
-37.30405 -58.91815 30
-37.00588 -57.7997 30
-36.71941 -56.73479 30
-36.42387 -55.64535 30
-36.07684 -54.37738 30
-35.77668 -53.28974 30
-35.47039 -52.18794 30
-35.17289 -51.12513 30
-34.87269 -50.05945 30
-34.57534 -49.01026 30
-34.29049 -48.0105 30
-33.99407 -46.9755 30
-33.69271 -45.92838 30
-33.39672 -44.90441 30
-33.11082 -43.91933 30
-32.8317 -42.96101 30
-32.53423 -41.94293 30
-32.25231 -40.98084 30
-31.97556 -40.03864 30
-31.69557 -39.08727 30
-31.41766 -38.14438 30
-31.02114 -36.80077 30
-30.78741 -36.00917 30
-30.53286 -35.14701 30
-30.27598 -34.27629 30
-30.03915 -33.47257 30
-29.79136 -32.63469 29.99994
-29.49601 -31.71067 29.99873
-29.21456 -30.90464 29.99648
-28.89736 -30.0625 29.99297
-28.52462 -29.14292 29.98779
-28.16558 -28.314 29.98196
-27.79882 -27.51413 29.97533
-27.38659 -26.66201 29.96717
-26.99114 -25.88396 29.95878
-26.55996 -25.07303 29.94908
-26.11904 -24.27874 29.93865
-25.67469 -23.50937 29.9277
-25.20362 -22.72376 29.91565
-24.72585 -21.95501 29.90304
-24.23171 -21.18632 29.88961
-23.73431 -20.43699 29.87576
-23.22128 -19.68739 29.86115
-22.6943 -18.93975 29.84583
-22.16526 -18.21004 29.83016
-21.60694 -17.46074 29.81335
-21.06637 -16.75409 29.79682
-20.51309 -16.04863 29.77967
-19.93969 -15.33522 29.76166
-19.3771 -14.65168 29.74379
-18.80407 -13.97119 29.72538
-18.23762 -13.31329 29.707
-17.68411 -12.68386 29.68888
-17.09051 -12.02298 29.66929
-16.49935 -11.37868 29.64962
-15.92466 -10.76511 29.63035
-15.3645 -10.17874 29.61145
-14.79876 -9.597903 29.59224
-14.20345 -8.998729 29.5719
-13.57557 -8.379817 29.55033
-12.99972 -7.823726 29.53044
-12.43196 -7.286159 29.51074
-11.86909 -6.763644 29.49113
-11.32894 -6.271914 29.47224
-10.8047 -5.803805 29.45384
-10.24592 -5.31486 29.43417
-9.729471 -4.872249 29.41594
-9.221018 -4.445415 29.39795
-8.529474 -3.879527 29.37342
-8.082514 -3.523135 29.35754
-7.613382 -3.157336 29.34085
-7.155435 -2.808841 29.32454
-6.69816 -2.469859 29.30825
-6.257303 -2.152179 29.29254
-5.814874 -1.84312 29.27679
-5.401575 -1.564128 29.26208
-5.017755 -1.314342 29.24846
-4.633768 -1.074535 29.23485
-4.27482 -0.8607666 29.22218
-3.922296 -0.6621811 29.20978
-3.599161 -0.4918548 29.19849
-3.297296 -0.3449661 29.18801
-3.005777 -0.2169983 29.17799
-2.740579 -0.1157257 29.16898
-2.4983 -0.03996582 29.16088
-2.290552 0.007450867 29.15409
-2.100885 0.03020172 29.14808
-1.944696 0.02624207 29.14333
-1.816751 -0.002558899 29.13969
-1.705255 -0.06363221 29.13687
-1.624155 -0.1597168 29.13533
-1.578455 -0.2769729 29.1315
-1.529764 -0.4255707 29.07381
-1.496271 -0.5277054 28.98771
-1.465128 -0.6226684 28.86768
-1.434946 -0.7145645 28.70882
-1.407617 -0.7977707 28.5225
-1.380151 -0.8812591 28.28747
-1.356149 -0.9541733 28.03515
-1.333322 -1.023387 27.74664
-1.31228 -1.087062 27.42997
-1.293207 -1.144679 27.09127
-1.274881 -1.199886 26.70867
-1.25889 -1.247943 26.31693
-1.242044 -1.298312 25.82965
-1.229181 -1.336574 25.38947
-1.217722 -1.370494 24.92997
-1.207254 -1.401218 24.43581
-1.198206 -1.42747 23.92837
-1.189813 -1.451541 23.35762
-1.183466 -1.469379 22.82833
-1.178186 -1.483821 22.28265
-1.173822 -1.495296 21.70225
-1.170541 -1.503299 21.1129
-1.168192 -1.508243 20.48027
-1.16665 -1.509425 19.54099
-1.166711 -1.506976 18.97606
-1.167612 -1.501537 18.32872
-1.169412 -1.493007 17.64632
-1.172144 -1.481403 16.93974
-1.175958 -1.466022 16.17889
-1.180368 -1.448772 15.45348
-1.185632 -1.42863 14.70826
-1.191492 -1.406459 13.9715
-1.197885 -1.382495 13.24344
-1.204889 -1.356311 12.50739
-1.211847 -1.330356 11.82431
-1.218988 -1.303737 11.16212
-1.226312 -1.276431 10.51538
-1.236704 -1.237529 9.640999
-1.245187 -1.205592 8.957104
-1.252847 -1.176608 8.358746
-1.262323 -1.14046 7.638546
-1.270731 -1.108127 7.015625
-1.279123 -1.075458 6.404522
-1.287515 -1.042445 5.803596
-1.295435 -1.010783 5.2416
-1.302805 -0.9808914 4.722752
-1.309717 -0.9522354 4.23555
-1.31669 -0.9227325 3.743542
-1.322992 -0.8953506 3.295128
-1.329095 -0.8679764 2.854401
-1.335306 -0.8389389 2.394836
-1.340433 -0.8136169 2.000626
-1.344675 -0.7912552 1.657333
-1.348322 -0.7703277 1.340187
-1.351205 -0.7516739 1.060738
-1.353403 -0.7347137 0.8092575
-1.355081 -0.7164871 0.5418472
-1.355524 -0.7030823 0.3467636
-1.355051 -0.6937515 0.2116547
-1.353708 -0.6864578 0.1059418
-1.351312 -0.6815674 0.03406525
-1.347971 -0.6795532 0.002067566
-1.346658 -0.6795074 0
-1.346658 -0.6795074 0
-1.346658 -0.6795074 0
-1.346658 -0.6795074 0
-1.346658 -0.6795074 0
-1.346658 -0.6795074 0
-1.346658 -0.6795074 0
-1.346658 -0.6795074 0
-1.346658 -0.6795074 0
-1.346658 -0.6795074 0
-1.346658 -0.6795074 0
-1.346658 -0.6795074 0
-1.346658 -0.6795074 0
-1.346658 -0.6795074 0
-1.346658 -0.6795074 0
-1.346658 -0.6795074 0
-1.346658 -0.6795074 0
-1.346658 -0.6795074 0
-1.346658 -0.6795074 0
-1.346658 -0.6795074 0
