-0.004499597 -0.01582898 0.9998646
-0.007025761 -0.02518442 0.9996582
-0.0072362 -0.04642182 0.9988957
-0.005791662 -0.04572951 0.9989371
-0.002444328 -0.04351091 0.99905
0.0007907915 -0.04098427 0.9991595
0.001623538 -0.04029974 0.9991863
0.002488596 -0.03957805 0.9992134
0.003388107 -0.03881751 0.9992406
0.004619562 -0.037762 0.9992761
0.006010846 -0.03655268 0.9993137
0.007577806 -0.03517292 0.9993525
0.009267428 -0.03366765 0.9993901
0.01088299 -0.03221494 0.9994217
0.01260688 -0.03065177 0.9994506
0.0145466 -0.02888035 0.999477
0.01656159 -0.02702795 0.9994974
0.01873762 -0.02501583 0.9995114
0.02115233 -0.02277116 0.9995169
0.02358721 -0.02049728 0.9995117
0.02652357 -0.01774325 0.9994907
0.02918552 -0.01523743 0.9994579
0.03220534 -0.01238522 0.9994045
0.03569253 -0.009082011 0.9993216
0.03921207 -0.005738677 0.9992144
0.04332712 -0.001819739 0.9990593
0.04770149 0.002355763 0.9988588
0.05229436 0.006749494 0.9986089
0.05756405 0.01180011 0.9982721
0.06314269 0.01715739 0.997857
0.0694641 0.02323823 0.9973137
0.07628391 0.02980935 0.9966404
0.08417057 0.03742092 0.9957485
0.0926021 0.04557149 0.9946598
0.1022744 0.05493569 0.9932382
0.1136454 0.06596185 0.9913293
0.1265856 0.07853153 0.9888422
0.1419782 0.09351084 0.9854429
0.1597627 0.1108517 0.9809117
0.1811963 0.1317981 0.9745754
0.2050289 0.1551478 0.966381
0.2355268 0.1851174 0.9540748
0.2736983 0.2227692 0.9356619
0.3236292 0.2722719 0.9061635
0.3866635 0.3352106 0.8591421
0.4609245 0.4101166 0.7869897
0.5491699 0.5005627 0.6692154
0.6510698 0.6085569 0.4536152
0.799005 0.5463439 0.2511959
0.8363782 0.5076409 0.2068144
0.8536211 0.4871175 0.1845196
0.8681031 0.4682486 0.1647433
0.8802717 0.451028 0.1472936
0.8940213 0.4297797 0.1265519
0.9035075 0.4138021 0.1115435
0.9116208 0.3991251 0.09821761
0.9237382 0.3751173 0.07742576
0.9283602 0.3651811 0.06920987
0.9329961 0.3547109 0.06081432
0.9379118 0.3429909 0.05175481
0.9430196 0.3300508 0.04219656
0.9464484 0.3208732 0.03572058
0.9504106 0.3097155 0.02821179
0.9529546 0.3022083 0.02340125
0.9551778 0.2954081 0.01922218
0.9583508 0.285282 0.01333306
0.9602224 0.2790601 0.009927218
0.9620198 0.2728971 0.00672229
0.9633075 0.2683627 0.004477238
0.9647178 0.2632779 0.00207888
0.9663277 0.2573142 -0.0005658306
0.9680041 0.250914 -0.003191269
0.9693363 0.2456837 -0.005163956
0.9710141 0.2389053 -0.007476002
0.9735978 0.2280254 -0.01056773
0.974674 0.2233267 -0.01165002
0.9757021 0.2187415 -0.01255001
0.9765055 0.2150907 -0.01315136
0.9771116 0.2122961 -0.01354053
0.9777794 0.2091749 -0.01390018
0.978546 0.2055376 -0.01421645
0.9804865 0.1960516 -0.01449471
0.9813264 0.1918136 -0.01435074
0.981903 0.1888552 -0.01414754
0.9824088 0.1862259 -0.01389408
0.9829377 0.183439 -0.01354879
0.9834272 0.1808258 -0.01315225
0.984066 0.1773623 -0.01251527
0.9845744 0.1745605 -0.01190539
0.9851631 0.1712631 -0.01107639
0.9862051 0.1652691 -0.009253487
0.9867395 0.1621085 -0.008124101
0.9871565 0.1595963 -0.00714151
0.987636 0.1566534 -0.005893357
0.9881553 0.1533945 -0.00438725
0.9885605 0.150793 -0.003089871
0.989014 0.1478148 -0.001499908
0.9893427 0.1456056 -0.000247513
0.9896455 0.1435296 0.0009863931
0.9898895 0.1418257 0.002040978
0.9901725 0.1398114 0.003336435
0.9904726 0.1376257 0.004802341
0.9908047 0.1351415 0.006544989
0.988475 0.1511167 0.008991073
0.9862907 0.1646951 0.01030616
0.9846419 0.1742183 0.0113306
0.9826353 0.1851171 0.01263312
0.9787805 0.2043313 0.01540839
0.9773235 0.2111001 0.01660427
0.9758742 0.217597 0.01792179
0.9741486 0.2250437 0.01974791
0.973069 0.2295436 0.02112949
0.9723225 0.2325783 0.02227834
0.9715657 0.2355754 0.02375575
0.9709896 0.2377673 0.02541229
0.9706714 0.238834 0.02748517
0.9707835 0.2381355 0.02950813
0.9715422 0.2346726 0.03216254
0.9744352 0.2216293 0.03682986
0.9764118 0.2123605 0.03902628
0.9782754 0.2032516 0.04081643
0.9798584 0.1951827 0.04220468
0.9817898 0.1848556 0.04378682
0.984161 0.1713079 0.04561633
0.9909335 0.1244747 0.05056502
0.9931986 0.1040411 0.05226868
0.9952857 0.08057906 0.05397699
0.9967788 0.05798113 0.05540958
0.9979908 0.02755268 0.05705493
0.9982989 -0.0001372268 0.05830242
0.9979571 -0.02400814 0.05920469
0.9971573 -0.04571605 0.05989512
0.9961255 -0.06393665 0.06038346
0.9938576 -0.09234675 0.06098518
0.9911852 -0.1174185 0.06135881
0.9822347 -0.1772346 0.06166757
0.9780579 -0.1990255 0.06157571
0.9736226 -0.2197519 0.06138529
0.9701435 -0.2346873 0.06118428
0.9656991 -0.2524273 0.06087479
0.9524694 -0.29873 0.05968524
0.9468992 -0.3160543 0.05908909
0.9414153 -0.3321448 0.05845574
0.9344926 -0.3512922 0.05759574
0.9296626 -0.3639822 0.05695806
0.9258969 -0.3735365 0.05644003
0.9214333 -0.3845085 0.0558024
0.9164565 -0.3963277 0.05506171
0.9039406 -0.424354 0.05305652
0.8997423 -0.4332722 0.05233601
0.8945581 -0.4439851 0.05141072
0.8908504 -0.4514563 0.05072343
0.8849011 -0.4631334 0.04957261
0.8809741 -0.4706436 0.04877778
0.8778788 -0.4764581 0.04812985
0.87531 -0.4812159 0.04757661
0.8729369 -0.4855587 0.0470521
0.8630713 -0.503176 0.04384078
0.8519416 -0.5222014 0.03874615
0.8401073 -0.5413806 0.0335693
0.8308166 -0.5557552 0.02966508
0.8205341 -0.5710286 0.02549724
0.7922031 -0.6100785 0.01477928
0.7829121 -0.6220261 0.01149335
0.7730559 -0.634286 0.008125382
0.7655579 -0.6433423 0.00564292
0.757506 -0.6528211 0.003052981
0.7479237 -0.6637846 7.227869E-05
0.7253581 -0.688341 -0.006511657
0.7164878 -0.6975424 -0.008930878
0.707973 -0.7061513 -0.01116193
0.7005965 -0.7134389 -0.01302127
0.6937858 -0.7200319 -0.01467635
0.6862783 -0.7271534 -0.01643093
0.6654107 -0.7461846 -0.02090843
0.6580434 -0.7526484 -0.02234297
0.651022 -0.7586908 -0.02363605
0.6458061 -0.7631068 -0.02454848
0.6398739 -0.7680556 -0.02553511
0.6330873 -0.7736233 -0.02659564
0.6245929 -0.7804549 -0.02781743
0.6062345 -0.7947185 -0.03003866
0.5954342 -0.8028033 -0.0310647
0.5879619 -0.8082693 -0.03164776
0.5806845 -0.813495 -0.03211344
0.5730407 -0.8188825 -0.03249191
0.5668613 -0.8231635 -0.03271384
0.5586156 -0.8287743 -0.03289155
0.5527868 -0.8326716 -0.03293489
0.5462121 -0.8370005 -0.03290165
0.5413898 -0.8401308 -0.03282188
0.5357561 -0.8437405 -0.03266946
0.5291339 -0.8479193 -0.03240911
0.5215703 -0.8526078 -0.03200544
0.5092063 -0.8600822 -0.03110607
0.4978435 -0.866747 -0.03002524
0.4908718 -0.8707408 -0.02924617
0.483917 -0.8746535 -0.02838445
0.474759 -0.8796978 -0.027126
0.4665403 -0.8841211 -0.02588235
0.4557781 -0.8897671 -0.02409982
0.4479066 -0.8937924 -0.02269226
0.4398101 -0.8978415 -0.02115876
0.4315039 -0.9019003 -0.01950099
0.4181333 -0.9082327 -0.01666663
0.4082959 -0.9127351 -0.01446209
0.3983911 -0.9171352 -0.01215017
0.3886069 -0.9213517 -0.00978364
0.3750305 -0.9269906 -0.006377208
0.359597 -0.9331047 -0.002352659
0.3472205 -0.937783 0.0009763721
0.3350328 -0.9421965 0.004331776
0.3173918 -0.9482489 0.009305072
0.292172 -0.9562215 0.01661231
0.2750172 -0.9611946 0.02168907
0.2699872 -0.9626774 0.01894868
0.2661556 -0.9638445 0.0128391
0.2628751 -0.9647946 0.008247374
0.259496 -0.9657359 0.003979689
0.2564526 -0.9665567 0.0004571185
0.2527933 -0.9675142 -0.003447478
0.2489294 -0.9684946 -0.007242152
0.2443231 -0.9696268 -0.01139906
0.2389271 -0.9709082 -0.01584415
0.2298629 -0.9729635 -0.02247689
0.2189804 -0.9752877 -0.02934913
0.2120265 -0.9766985 -0.03323777
0.2052155 -0.9780275 -0.03672568
0.1965675 -0.979643 -0.0407537
0.1890936 -0.9809766 -0.04391497
0.1788583 -0.9827121 -0.04781973
0.1706684 -0.9840271 -0.05062683
0.1600729 -0.9856334 -0.05388378
0.1510481 -0.9869188 -0.05635418
0.1423803 -0.9880826 -0.05848586
0.1322668 -0.9893541 -0.06069621
0.1172497 -0.991072 -0.06347235
0.1049566 -0.9923286 -0.06532983
0.09366516 -0.9933649 -0.06673051
0.08327885 -0.9942189 -0.06777508
0.07307386 -0.9949655 -0.06858451
0.05985193 -0.9957969 -0.06932747
0.04149892 -0.9966965 -0.0698138
0.03043771 -0.9970956 -0.06981316
0.01954039 -0.9973834 -0.06960344
0.01004824 -0.9975483 -0.06925502
0.0002217242 -0.9976349 -0.0687345
-0.02284454 -0.9974992 -0.06688453
-0.03364149 -0.9972709 -0.0657192
-0.04449745 -0.9969345 -0.06435584
-0.05399234 -0.9965516 -0.06300604
-0.06280466 -0.9961216 -0.06162106
-0.07240085 -0.9955712 -0.05996742
-0.0837401 -0.994809 -0.05781586
-0.09611382 -0.9938374 -0.05522041
-0.1074241 -0.99282 -0.05261713
-0.129704 -0.9904466 -0.04682217
-0.1400302 -0.9891769 -0.04382428
-0.1498059 -0.9878734 -0.04079561
-0.1590912 -0.9865423 -0.0377406
-0.1658621 -0.9855134 -0.03539949
-0.1747515 -0.9840867 -0.03217499
-0.1962331 -0.9802726 -0.02362852
-0.203834 -0.9787944 -0.02032934
-0.2115603 -0.9772203 -0.01681613
-0.2210352 -0.9751886 -0.01227436
-0.2280379 -0.973613 -0.008741094
-0.2347235 -0.9720482 -0.00521839
-0.2412012 -0.9704737 -0.001656752
-0.2467838 -0.9690693 0.001537745
-0.2518091 -0.9677663 0.00451844
-0.2571973 -0.9663272 0.007832095
-0.2727576 -0.9619112 0.01816738
-0.2771077 -0.9606031 0.02128592
-0.2821648 -0.9590344 0.02521966
-0.2804759 -0.9595175 0.02567663
-0.2788463 -0.9599805 0.02611558
-0.2768223 -0.9605513 0.02665759
-0.2752978 -0.960978 0.0270633
-0.2739107 -0.9613639 0.02743015
-0.2727651 -0.9616809 0.02773146
-0.2716575 -0.9619859 0.0280209
-0.2705278 -0.9622958 0.02831415
-0.2691566 -0.9626697 0.02866676
-0.2667326 -0.9633257 0.02927859
-0.2659227 -0.9635435 0.02947867
-0.2650379 -0.9637806 0.02969378
-0.2641304 -0.9640231 0.02990959
-0.2634318 -0.9642092 0.03007119
-0.2626263 -0.9644233 0.03025061
-0.2620546 -0.964575 0.03037122
-0.2615456 -0.96471 0.03047111
-0.2611525 -0.9648144 0.03053995
-0.2608204 -0.9649027 0.03058731
-0.2605961 -0.9649627 0.03060672
-0.2604554 -0.9650007 0.03060308
-0.2603886 -0.9650196 0.03057731
-0.2603948 -0.9650193 0.0305325
-0.2604798 -0.9649987 0.03045972
-0.2607698 -0.9649254 0.03030115
-0.261064 -0.9648501 0.03016644
-0.2614398 -0.9647532 0.03000774
-0.2619918 -0.9646102 0.02978793
-0.2625724 -0.9644592 0.02956643
-0.2633104 -0.9642663 0.02929353
-0.2640541 -0.9640711 0.02902493
-0.2648966 -0.9638488 0.02872603
-0.2658089 -0.9636071 0.02840715
-0.2668235 -0.9633369 0.02805697
-0.2679126 -0.9630454 0.02768476
-0.269105 -0.9627244 0.02728093
-0.2711015 -0.9621828 0.02661124
-0.2726564 -0.9617575 0.02609377
-0.2742138 -0.9613285 0.02557846
-0.2759141 -0.9608567 0.02501846
-0.2776811 -0.9603624 0.02443895
-0.2794874 -0.9598532 0.02384857
-0.2821532 -0.959094 0.02298052
-0.2842942 -0.9584781 0.02228538
-0.2865713 -0.9578165 0.02154775
-0.2888601 -0.9571452 0.02080787
-0.2923147 -0.9561194 0.01969315
-0.2950592 -0.9552938 0.01880906
-0.2979569 -0.9544119 0.0178766
-0.3010403 -0.9534619 0.01688527
-0.3056302 -0.9520256 0.01541074
-0.3091288 -0.9509128 0.01428743
-0.3127915 -0.9497313 0.0131116
-0.3203842 -0.9472275 0.01067376
-0.3239159 -0.9460378 0.009539306
-0.3280307 -0.9446313 0.008217012
-0.3324575 -0.9430938 0.006793489
-0.3366455 -0.9416157 0.005445738
-0.3438819 -0.9390077 0.003114168
-0.3493708 -0.9369836 0.001342841
-0.3508485 -0.9364322 0
-0.3430972 -0.9392999 0
-0.3351373 -0.9421693 0
-0.327632 -0.9448054 0
-0.3188992 -0.9477887 0
-0.3116762 -0.9501884 0
-0.3045615 -0.9524927 0
-0.2981363 -0.9545233 0
-0.292039 -0.9564064 0
-0.2859498 -0.9582446 0
-0.2807407 -0.9597836 0
-0.2758158 -0.9612105 0
-0.2711692 -0.9625317 0
-0.2678591 -0.9634581 0
-0.2651178 -0.9642161 0
-0.2626189 -0.9648997 0
-0.261229 -0.9652769 0
-0.2607648 -0.9654024 0
-0.2611191 -0.9653066 0
-0.2623061 -0.9649847 0
-0.2644609 -0.9643964 0
-0.2682037 -0.9633622 0
-0.2729103 -0.9620395 0
-0.2782484 -0.9605091 0
-0.2856998 -0.9583192 0
-0.2938403 -0.9558545 0
-0.3039441 -0.9526899 0
-0.3145142 -0.9492528 0
-0.3255377 -0.945529 0
-0.3376884 -0.941258 0
-0.3522314 -0.9359129 0
-0.3663937 -0.9304599 0
-0.3813919 -0.9244135 0
-0.3974887 -0.9176071 0
-0.4157573 -0.9094756 0
-0.4348867 -0.9004852 0
-0.4526534 -0.8916865 0
-0.4712376 -0.8820063 0
-0.4905818 -0.8713951 0
-0.5100387 -0.8601515 0
-0.5306501 -0.847591 0
-0.54984 -0.83527 0
-0.5717874 -0.8204018 0
-0.5928206 -0.8053346 0
-0.6111024 -0.7915515 0
-0.6299158 -0.7766634 0
-0.6508755 -0.7591845 0
-0.6692048 -0.743078 0
-0.6852645 -0.7282943 0
-0.7008945 -0.7132649 0
-0.7161761 -0.6979196 0
-0.7325678 -0.6806941 0
-0.7457896 -0.6661816 0
-0.7587568 -0.651374 0
-0.7734702 -0.6338327 0
-0.7839409 -0.6208354 0
-0.7943023 -0.6075227 0
-0.805093 -0.5931486 0
-0.8139157 -0.580983 0
-0.8225264 -0.5687269 0
-0.8300889 -0.557631 0
-0.8372722 -0.5467864 0
-0.8443218 -0.5358364 0
-0.8506325 -0.5257607 0
-0.8567006 -0.5158141 0
-0.8691857 -0.4944858 0
-0.8810058 -0.4731055 0
-0.8929776 -0.4501012 0
-0.9040555 -0.4274151 0
-0.9144304 -0.4047431 0
-0.9244087 -0.3814033 0
-0.9338431 -0.3576827 0
-0.9438387 -0.3304065 0
-0.9519078 -0.3063848 0
-0.9597514 -0.2808509 0
-0.9662447 -0.2576261 0
-0.9736413 -0.2280844 0
-0.9788841 -0.2044159 0
-0.9836537 -0.1800705 0
-0.9875698 -0.157181 0
-0.9910805 -0.1332645 0
-0.9938355 -0.1108642 0
-0.9961355 -0.08783004 0
-0.9978613 -0.06536662 0
-0.9990332 -0.0439615 0
-0.999773 -0.02130365 0
-0.9999961 0.002799279 0
-0.9996623 0.02598491 0
-0.9988127 0.04871625 0
-0.997435 0.07157767 0
-0.9954726 0.09504958 0
-0.9932151 0.1162914 0
-0.9903581 0.1385309 0
-0.9873734 0.1584102 0
-0.9840488 0.1778987 0
-0.9802113 0.1979542 0
-0.9762216 0.216775 0
-0.9717323 0.2360857 0
-0.9671047 0.2543787 0
-0.9619784 0.2731256 0
-0.9569849 0.2901378 0
-0.9514531 0.3077938 0
-0.945586 0.3253724 0
-0.9394748 0.3426181 0
-0.9331353 0.3595253 0
-0.926177 0.3770891 0
-0.9193427 0.3934576 0
-0.9121466 0.4098641 0
-0.9052385 0.4249038 0
-0.8980646 0.4398637 0
-0.8906492 0.454691 0
-0.8834212 0.4685797 0
-0.875235 0.4836978 0
-0.8673483 0.4977017 0
-0.8594212 0.5112684 0
-0.8514239 0.5244781 0
-0.8429286 0.5380255 0
-0.8343637 0.5512143 0
-0.8258288 0.5639209 0
-0.8167163 0.5770395 0
-0.8079383 0.5892672 0
-0.7986904 0.6017421 0
-0.7896149 0.6136027 0
-0.7802657 0.6254482 0
-0.7712033 0.6365889 0
-0.7618558 0.6477466 0
-0.7516297 0.6595854 0
-0.7427779 0.669538 0
-0.7255722 0.6881461 0
-0.7056239 0.7085865 0
-0.6711768 0.7412974 0
-0.6518212 0.7583727 0
-0.629323 0.7771438 0
-0.6085745 0.7934967 0
-0.580834 0.814022 0
-0.5594666 0.828853 0
-0.5364517 0.8439311 0
-0.5124821 0.8586979 0
-0.4908156 0.8712634 0
-0.4655655 0.8850134 0
-0.4446541 0.8957024 0
-0.4214734 0.9068408 0
-0.3985128 0.9171628 0
-0.3772337 0.9261181 0
-0.3557606 0.9345771 0
-0.3349808 0.942225 0
-0.3149847 0.9490968 0
-0.2963643 0.9550749 0
-0.2794225 0.9601682 0
-0.2619228 0.9650888 0
-0.2456722 0.969353 0
-0.2309888 0.9729564 0
-0.2172031 0.9761264 0
-0.2036394 0.9790459 0
-0.1911586 0.9815592 0
-0.1803388 0.9836046 0
-0.1703253 0.9853879 0
-0.1604137 0.9870499 0
-0.1522174 0.9883471 0
-0.1428609 0.9897428 0
-0.136529 0.9906361 0
-0.1317452 0.9912836 0
-0.1283326 0.9917312 0
-0.1253763 0.9921092 0
-0.1235862 0.9923338 0
-0.1225509 0.9924622 0
-0.1226206 0.9924536 0
-0.1237674 0.9923112 0
-0.126726 0.9919377 0
-0.1294183 0.9915901 0
-0.1336041 0.9910348 0
-0.13969 0.9901953 0
-0.1460734 0.9892737 0
-0.1525007 0.9883034 0
-0.1610162 0.9869518 0
-0.1705764 0.9853445 0
-0.1805964 0.9835573 0
-0.1892044 0.9819377 0
-0.199475 0.9799029 0
-0.2136095 0.9769191 0
-0.2236973 0.9746587 0
-0.2361349 0.9717203 0
-0.2515101 0.9678546 0
-0.2686274 0.9632441 0
-0.2855145 0.9583744 0
-0.3012441 0.9535471 0
-0.3146646 0.949203 0
-0.334229 0.9424919 0
-0.3514678 0.9362 0
-0.3696791 0.9291595 0
-0.39 0.9208149 0
-0.4072045 0.913337 0
-0.4213766 0.9068858 0
-0.4390769 0.8984495 0
-0.4536247 0.8911929 0
-0.4677092 0.8838823 0
-0.4864068 0.8737325 0
-0.4997813 0.8661517 0
-0.510771 0.8597168 0
-0.5222674 0.8527818 0
-0.5374227 0.843313 0
-0.5478427 0.8365814 0
-0.5566431 0.8307518 0
-0.5676681 0.8232574 0
-0.575351 0.8179066 0
-0.5831147 0.8123898 0
-0.5904585 0.807068 0
-0.5974116 0.8019348 0
-0.6034955 0.7973664 0
-0.6091539 0.7930521 0
-0.6141664 0.7891766 0
-0.6187282 0.7856051 0
-0.6244568 0.7810594 0
-0.627305 0.7787736 0
-0.6297987 0.7767584 0
-0.6316646 0.7752419 0
-0.6329522 0.7741908 0
-0.6336697 0.7736037 0
-0.6337996 0.7734973 0
-0.6332926 0.7739125 0
-0.632244 0.7747694 0
-0.6305794 0.7761248 0
-0.6281873 0.7780621 0
-0.625089 0.7805535 0
-0.6213452 0.7835369 0
-0.6169047 0.787038 0
-0.6091067 0.7930883 0
-0.6021693 0.7983684 0
-0.5946187 0.8040078 0
-0.5864079 0.8100159 0
-0.5769073 0.8168097 0
-0.565564 0.8247043 0
-0.5512536 0.8343378 0
-0.5401637 0.84156 0
-0.5257743 0.850624 0
-0.5071777 0.8618415 0
-0.4838726 0.8751384 0
-0.4643255 0.8856646 0
-0.4460434 0.8950113 0
-0.4182063 0.9083521 0
-0.3983383 0.9172386 0
-0.3725776 0.928001 0
-0.3425944 0.9394834 0
-0.3107533 0.9504906 0
-0.2769924 0.9608721 0
-0.2297152 0.9732579 0
-0.1959987 0.9806042 0
-0.1603042 0.9870676 0
-0.1220388 0.9925253 0
-0.08393476 0.9964712 0
-0.03924637 0.9992296 0
0.003624944 0.9999934 0
0.02308975 0.9997334 0
0.0359908 0.9993522 0
0.04992078 0.9987531 0
0.06123033 0.9981236 0
0.07389896 0.9972657 0
0.08502813 0.9963786 0
0.09482975 0.9954935 0
0.1041562 0.994561 0
0.1137075 0.9935143 0
0.1230759 0.9923973 0
0.1316247 0.9912996 0
0.1399469 0.990159 0
0.1477158 0.9890299 0
0.1570573 0.9875895 0
0.1651417 0.9862698 0
0.17177 0.9851371 0
0.178075 0.9840169 0
0.1842242 0.9828843 0
0.1898009 0.9818226 0
0.1952636 0.9807508 0
0.2006934 0.9796541 0
0.2058024 0.9785935 0
0.2105477 0.9775836 0
0.2151077 0.9765903 0
0.2195035 0.9756117 0
0.2236755 0.9746637 0
0.2276777 0.9737366 0
0.2314994 0.9728351 0
0.2351639 0.9719558 0
0.2387693 0.9710763 0
0.2423399 0.9701914 0
0.2455404 0.9693863 0
0.2485986 0.9686066 0
0.2514155 0.9678792 0
0.2541062 0.9671763 0
0.2564505 0.9665573 0
0.2587233 0.9659514 0
0.2607996 0.965393 0
0.2628365 0.9648404 0
0.2650975 0.9642216 0
0.266944 0.963712 0
0.268727 0.9632164 0
0.2703636 0.9627583 0
0.2719217 0.9623194 0
0.2733739 0.9619078 0
0.2746807 0.9615355 0
0.2759526 0.9611713 0
0.2771532 0.9608257 0
0.2782401 0.9605116 0
0.2792012 0.9602326 0
0.2800526 0.9599847 0
0.2808619 0.9597481 0
0.2815306 0.9595523 0
0.2820885 0.9593884 0
0.282547 0.9592534 0
0.2828881 0.9591529 0
0.283158 0.9590733 0
0.283184 0.9590656 0
0.2830856 0.9590946 0
0.2828372 0.959168 0
0.2824577 0.9592797 0
0.2904783 0.9568815 -0.0004625648
0.3181159 0.9480497 -0.001993696
0.3409898 0.9400613 -0.003268973
0.3637255 0.9314951 -0.004543713
0.3872728 0.9219465 -0.005871247
0.4074221 0.913213 -0.007013165
0.4259578 0.904707 -0.008068303
0.4447836 0.8955914 -0.009144296
0.4611953 0.8872413 -0.01008596
0.4775602 0.8785298 -0.01102806
0.4929036 0.8700024 -0.01191395
0.5071608 0.8617573 -0.01273926
0.5211449 0.8533607 -0.01355045
0.5343049 0.8451706 -0.01431525
0.5469804 0.8370101 -0.01505279
0.5589035 0.8290831 -0.01574733
0.570434 0.8211793 -0.0164192
0.5815672 0.8133193 -0.0170679
0.5921068 0.8056655 -0.01768168
0.6026202 0.7978185 -0.01829323
0.6122724 0.7904221 -0.01885379
0.6216766 0.7830338 -0.01939885
0.6309739 0.7755478 -0.019936
0.6397028 0.7683506 -0.02043864
0.6482393 0.761149 -0.02092795
0.6563669 0.7541385 -0.02139161
0.6640462 0.7473729 -0.02182717
0.6720278 0.7401907 -0.02227691
0.679751 0.7330914 -0.02270854
0.687074 0.7262197 -0.02311421
0.6940639 0.7195298 -0.02349782
0.7010018 0.7127597 -0.02387455
0.7081994 0.7055956 -0.02426056
0.7157093 0.6979629 -0.02465737
0.7225549 0.6908609 -0.02501339
0.729295 0.6837294 -0.02535805
0.7359983 0.6764956 -0.02569451
0.7424824 0.6693603 -0.02601341
0.7488545 0.6622115 -0.02632004
0.7557715 0.6542931 -0.02664495
0.7623199 0.6466393 -0.02694422
0.7689577 0.6387191 -0.02723931
0.7783842 0.6271793 -0.02764288
0.7847909 0.619132 -0.02790658
0.7918526 0.6100613 -0.02818714
0.7991576 0.6004471 -0.02846607
0.806957 0.58991 -0.02875114
0.8150734 0.5786297 -0.02903388
0.8239638 0.5658829 -0.02932744
0.833126 0.5522898 -0.02961317
0.842585 0.5377332 -0.02989055
0.8532309 0.5206593 -0.0301821
0.8645781 0.501574 -0.03046965
0.8774632 0.4786562 -0.03076798
0.8913032 0.4523429 -0.03105564
0.9065963 0.4208342 -0.03133308
0.9242786 0.3804088 -0.03159753
0.9436148 0.3295142 -0.0318048
0.9644358 0.2623861 -0.03189366
0.9838916 0.1759259 -0.03173919
0.998185 0.05160311 -0.03104647
0.9928407 -0.1157957 -0.02930521
0.9411038 -0.3371492 -0.02557517
0.7796202 -0.6260009 -0.01775206
0.4886941 -0.8724325 -0.006290876
0.3083548 -0.9411759 -0.1382215
0.2655423 -0.8100603 -0.5227711
0.2205351 -0.6724207 -0.7065513
0.180056 -0.5486602 -0.8164263
0.1463015 -0.4454665 -0.8832641
0.1207712 -0.3674014 -0.9221879
0.09937569 -0.3019668 -0.9481247
0.08354619 -0.2535342 -0.9637119
0.0705176 -0.2136531 -0.9743611
0.05993182 -0.1812306 -0.9816127
0.05129577 -0.1547603 -0.9866195
0.0437057 -0.1314772 -0.9903553
0.03753676 -0.1125355 -0.9929384
0.03140775 -0.09369069 -0.9951058
0.02690885 -0.07983975 -0.9964444
0.02297369 -0.06770581 -0.9974408
0.01939393 -0.05664868 -0.9982058
0.01625602 -0.04693617 -0.9987656
0.01322855 -0.0375445 -0.9992074
0.01079435 -0.02997331 -0.9994923
0.008585201 -0.02308258 -0.9996967
0.006507217 -0.01658174 -0.9998414
0.004633074 -0.01069603 -0.9999321
0.002839335 -0.005039111 -0.9999833
0.0005136007 0.00233906 -0.9999971
-0.0007247876 0.006294429 -0.99998
-0.002020403 0.01045663 -0.9999433
-0.003262815 0.01447674 -0.9998899
-0.00443408 0.01829875 -0.9998227
-0.005581204 0.02208194 -0.9997405
-0.006579569 0.0254128 -0.9996554
-0.007519114 0.02859211 -0.9995629
-0.008372305 0.03152414 -0.999468
-0.009148444 0.03424135 -0.9993717
-0.009871673 0.0368277 -0.9992728
-0.0104914 0.03910079 -0.9991802
-0.01104824 0.04120004 -0.9990898
-0.011552 0.04316176 -0.9990013
-0.01217207 0.04569082 -0.9988815
-0.01260864 0.04758235 -0.9987877
-0.01295565 0.04918234 -0.9987058
-0.01332752 0.05104831 -0.9986073
-0.01360588 0.05261707 -0.998522
-0.01383605 0.0541211 -0.9984385
-0.01401431 0.05557207 -0.9983563
-0.01413072 0.05690929 -0.9982793
-0.01418498 0.05813131 -0.9982082
-0.01417824 0.05927174 -0.9981412
-0.01409875 0.06042169 -0.9980733
-0.01394219 0.0614724 -0.9980114
-0.01368003 0.06251296 -0.9979504
-0.01324313 0.06361129 -0.9978869
-0.01266669 0.06457142 -0.9978327
-0.01192533 0.06542586 -0.9977862
-0.01091754 0.06623434 -0.9977443
-0.009590899 0.06696468 -0.9977092
-0.007756002 0.06763339 -0.9976801
-0.004383576 0.06833696 -0.9976527
0.0004235625 0.06878626 -0.9976314
0.007307492 0.0689331 -0.9975945
0.02051957 0.06856678 -0.9974355
0.05531604 0.06640961 -0.996258
0.2902708 0.04542038 -0.955866
0.9968303 -0.0795577 0
0.9968303 -0.0795577 0
0.9968303 -0.0795577 0
0.9968303 -0.0795577 0
0.9968303 -0.0795577 0
0.9968303 -0.0795577 0
0.9968303 -0.0795577 0
0.9968303 -0.0795577 0
0.9968303 -0.0795577 0
0.9968303 -0.0795577 0
0.9968303 -0.0795577 0
0.9968303 -0.0795577 0
0.9968303 -0.0795577 0
0.9968303 -0.0795577 0
0.9968303 -0.0795577 0
0.9968303 -0.0795577 0
0.9968303 -0.0795577 0
0.9968303 -0.0795577 0
0.9968303 -0.0795577 0
0.9968303 -0.0795577 0
