-0.09981043 -0.9950065 0
-0.1095525 -0.9939811 0
-0.2766212 -0.960979 0
-0.3262517 -0.9452829 0
-0.3368917 -0.9415434 0
-0.3450432 -0.9385868 0
-0.3531514 -0.9355662 0
-0.368863 -0.9294838 0
-0.3768283 -0.9262832 0
-0.384739 -0.9230254 0
-0.3925932 -0.9197122 0
-0.400388 -0.9163457 0
-0.4086331 -0.9126987 0
-0.4162959 -0.9092292 0
-0.4238922 -0.9057126 0
-0.4350536 -0.9004046 0
-0.442473 -0.8967818 0
-0.4498172 -0.8931206 0
-0.4570841 -0.8894235 0
-0.4642718 -0.8856927 0
-0.471378 -0.8819313 0
-0.4784927 -0.8780915 0
-0.4854299 -0.8742756 0
-0.4922835 -0.8704349 0
-0.5063757 -0.8623129 0
-0.5131712 -0.8582863 0
-0.5196619 -0.854372 0
-0.5260457 -0.8504563 0
-0.5323353 -0.8465337 0
-0.5385297 -0.8426065 0
-0.5446271 -0.8386783 0
-0.5512772 -0.8343222 0
-0.5616163 -0.8273978 0
-0.5673338 -0.8234879 0
-0.5729514 -0.8195893 0
-0.5784687 -0.8157046 0
-0.583886 -0.8118356 0
-0.5892025 -0.8079854 0
-0.5944185 -0.8041558 0
-0.5995336 -0.8003496 0
-0.6045478 -0.7965689 0
-0.6115213 -0.791228 0
-0.6162916 -0.7875181 0
-0.6209607 -0.7838417 0
-0.6255293 -0.7802006 0
-0.6393237 -0.7689377 0
-0.6481412 -0.7615201 0
-0.6543828 -0.7561634 0
-0.6583465 -0.7527151 0
-0.6630147 -0.7486065 0
-0.6666297 -0.745389 0
-0.6702553 -0.7421306 0
-0.674112 -0.7386291 0
-0.6773819 -0.7356315 0
-0.6806372 -0.7326207 0
-0.6864072 -0.7272174 0
-0.6893793 -0.7244006 0
-0.6921924 -0.721713 0
-0.6949086 -0.7190981 0
-0.6975593 -0.716527 0
-0.7000973 -0.7140474 0
-0.7026021 -0.7115829 0
-0.7049635 -0.7092436 0
-0.707275 -0.7069385 0
-0.7112119 -0.7029777 0
-0.7133769 -0.7007806 0
-0.7154268 -0.6986877 0
-0.7172911 -0.6967737 0
-0.7190644 -0.6949434 0
-0.720768 -0.6931763 0
-0.7223974 -0.6914781 0
-0.7240565 -0.6897407 0
-0.7267096 -0.6869448 0
-0.7281709 -0.6853956 0
-0.7296925 -0.6837754 0
-0.731093 -0.6822778 0
-0.7323841 -0.6808917 0
-0.7336933 -0.6794807 0
-0.7346315 -0.6784663 0
-0.7359977 -0.676984 0
-0.7366993 -0.6762205 0
-0.7372801 -0.6755872 0
-0.7376758 -0.6751551 0
-0.7379426 -0.6748635 0
-0.7381011 -0.6746901 0
-0.7381819 -0.6746017 0
-0.7380837 -0.6747091 0
-0.737895 -0.6749156 0
-0.7375887 -0.6752502 0
-0.7371313 -0.6757495 0
-0.7366961 -0.676224 0
-0.7361215 -0.6768494 0
-0.7352876 -0.6777552 0
-0.7340268 -0.6791204 0
-0.7331383 -0.6800796 0
-0.7322181 -0.6810702 0
-0.731229 -0.6821321 0
-0.7301518 -0.6832849 0
-0.7290039 -0.6845095 0
-0.7277816 -0.685809 0
-0.726481 -0.6871865 0
-0.7250773 -0.6886675 0
-0.7223801 -0.6914962 0
-0.7206885 -0.6932591 0
-0.7189111 -0.6951021 0
-0.7170883 -0.6969824 0
-0.7152182 -0.6989011 0
-0.713278 -0.7008812 0
-0.7112042 -0.7029854 0
-0.7090861 -0.705122 0
-0.7068198 -0.7073936 0
-0.702536 -0.7116482 0
-0.6993536 -0.7147758 0
-0.696786 -0.7172791 0
-0.6941497 -0.7198307 0
-0.6913303 -0.7225389 0
-0.6884003 -0.7253309 0
-0.68531 -0.7282515 0
-0.6821287 -0.7312322 0
-0.6764295 -0.7365074 0
-0.6730835 -0.7395664 0
-0.6696821 -0.7426479 0
-0.6661766 -0.745794 0
-0.6625712 -0.7489989 0
-0.6588906 -0.7522388 0
-0.6550865 -0.7555539 0
-0.6511173 -0.7589771 0
-0.6470648 -0.762435 0
-0.6396582 -0.7686595 0
-0.6353508 -0.7722237 0
-0.6309648 -0.7758115 0
-0.6264753 -0.7794412 0
-0.6218131 -0.7831656 0
-0.6169536 -0.7869995 0
-0.6121222 -0.7907632 0
-0.6071318 -0.7946012 0
-0.5982612 -0.8013011 0
-0.5929621 -0.8052304 0
-0.5876529 -0.8091131 0
-0.5822507 -0.8130094 0
-0.5768543 -0.8168471 0
-0.5712078 -0.8208055 0
-0.5655015 -0.8247473 0
-0.55967 -0.8287156 0
-0.5536168 -0.8327715 0
-0.5429075 -0.8397924 0
-0.5366731 -0.8437902 0
-0.5304728 -0.847702 0
-0.5241516 -0.851625 0
-0.5176935 -0.8555661 0
-0.5110539 -0.8595486 0
-0.5044371 -0.8634484 0
-0.4977503 -0.8673204 0
-0.4906732 -0.8713437 0
-0.4782764 -0.8782093 0
-0.4711667 -0.8820442 0
-0.4597138 -0.8880671 0
-0.4525737 -0.891727 0
-0.4450943 -0.8954837 0
-0.437361 -0.899286 0
-0.4296513 -0.9029948 0
-0.4221538 -0.9065242 0
-0.4076358 -0.9131446 0
-0.3987845 -0.9170447 0
-0.3898402 -0.9208825 0
-0.3812617 -0.9244671 0
-0.3732788 -0.9277192 0
-0.3653514 -0.9308696 0
-0.3570153 -0.9340985 0
-0.3479818 -0.9375013 0
-0.3334307 -0.9427747 0
-0.3250464 -0.945698 0
-0.3167719 -0.9485017 0
-0.308217 -0.9513161 0
-0.2996095 -0.9540619 0
-0.2909458 -0.9567396 0
-0.2821632 -0.9593664 0
-0.2721821 -0.9622458 0
-0.2574397 -0.9662943 0
-0.2482189 -0.968704 0
-0.2396344 -0.9708632 0
-0.2309172 -0.9729734 0
-0.2220547 -0.9750342 0
-0.2136931 -0.9769009 0
-0.2058504 -0.9785835 0
-0.2098612 -0.9777312 0
-0.2168073 -0.9762144 0
-0.2218169 -0.9750884 0
-0.2263907 -0.9740366 0
-0.2325869 -0.9725756 0
-0.2369065 -0.9715325 0
-0.2417794 -0.9703313 0
-0.2470734 -0.9689968 0
-0.2527241 -0.9675384 0
-0.2609884 -0.965342 0
-0.2662172 -0.9639131 0
-0.289326 -0.9572307 0
-0.2964768 -0.9550401 0
-0.3033234 -0.9528877 0
-0.3117575 -0.9501617 0
-0.317865 -0.948136 0
-0.3240507 -0.9460397 0
-0.3301856 -0.943916 0
-0.3363342 -0.9417427 0
-0.3423606 -0.9395686 0
-0.3485324 -0.9372967 0
-0.3546993 -0.9349804 0
-0.3611898 -0.9324923 0
-0.3733143 -0.927705 0
-0.380046 -0.9249676 0
-0.3866634 -0.9222209 0
-0.3937219 -0.9192296 0
-0.4005682 -0.9162669 0
-0.4075113 -0.9132001 0
-0.4146759 -0.9099692 0
-0.4221589 -0.9065218 0
-0.435276 -0.900297 0
-0.4427668 -0.8966368 0
-0.4501761 -0.8929398 0
-0.4579369 -0.8889847 0
-0.4655121 -0.8850415 0
-0.4731661 -0.8809732 0
-0.4809042 -0.8767731 0
-0.4888416 -0.8723726 0
-0.4967276 -0.8679065 0
-0.5115656 -0.8592442 0
-0.5200876 -0.8541129 0
-0.5283609 -0.8490199 0
-0.5365468 -0.8438705 0
-0.5448895 -0.8385079 0
-0.5533374 -0.8329573 0
-0.566185 -0.8242782 0
-0.5745803 -0.8184482 0
-0.5898369 -0.8075224 0
-0.5987364 -0.8009461 0
-0.6075174 -0.7943064 0
-0.6161596 -0.7876213 0
-0.6248696 -0.7807292 0
-0.6335609 -0.7736928 0
-0.6421701 -0.7665622 0
-0.6510829 -0.7590066 0
-0.6662778 -0.7457037 0
-0.6749975 -0.73782 0
-0.6838258 -0.7296453 0
-0.6936013 -0.7203591 0
-0.7020664 -0.7121115 0
-0.7110453 -0.7031462 0
-0.7200898 -0.6938809 0
-0.7287843 -0.6847434 0
-0.743041 -0.6692458 0
-0.7514403 -0.6598011 0
-0.7599803 -0.6499462 0
-0.7700768 -0.6379511 0
-0.7774184 -0.6289839 0
-0.7847743 -0.6197817 0
-0.7922816 -0.6101556 0
-0.8002049 -0.5997267 0
-0.8125434 -0.5829007 0
-0.8193396 -0.5733085 0
-0.8259112 -0.5638003 0
-0.8323143 -0.5543039 0
-0.8386185 -0.5447192 0
-0.8449914 -0.5347798 0
-0.851239 -0.5247782 0
-0.8576158 -0.5142908 0
-0.8668702 -0.4985339 0
-0.8724636 -0.4886791 0
-0.8774428 -0.4796812 0
-0.8824259 -0.4704514 0
-0.8890952 -0.4577222 0
-0.8935955 -0.4488733 0
-0.8978714 -0.4402577 0
-0.9020145 -0.4317056 0
-0.9089865 -0.4168254 0
-0.9126974 -0.4086361 0
-0.9162685 -0.4005648 0
-0.9197152 -0.3925862 0
-0.9233358 -0.3839934 0
-0.9265382 -0.3762005 0
-0.9296741 -0.3683828 0
-0.932476 -0.3612318 0
-0.9370954 -0.3490733 0
-0.9396758 -0.3420663 0
-0.9419172 -0.3358451 0
-0.9439421 -0.330111 0
-0.9458576 -0.3245818 0
-0.9477419 -0.3190379 0
-0.9495065 -0.3137473 0
-0.9511333 -0.3087807 0
-0.9538547 -0.3002684 0
-0.9551932 -0.2959828 0
-0.9564411 -0.2919255 0
-0.9575979 -0.2881079 0
-0.9586725 -0.2845121 0
-0.9596793 -0.281097 0
-0.9606097 -0.2779009 0
-0.9614496 -0.2749809 0
-0.9622558 -0.2721465 0
-0.9634444 -0.2679086 0
-0.9640434 -0.2657449 0
-0.9645433 -0.2639245 0
-0.9649847 -0.2623065 0
-0.9653558 -0.2609372 0
-0.9656677 -0.2597805 0
-0.9659172 -0.2588515 0
-0.9661053 -0.2581483 0
-0.9662341 -0.2576658 0
-0.9663098 -0.2573819 0
-0.9662658 -0.257547 0
-0.9661571 -0.2579546 0
-0.9659934 -0.2585668 0
-0.9657724 -0.2593907 0
-0.9654906 -0.2604378 0
-0.9651524 -0.2616886 0
-0.964749 -0.2631717 0
-0.9642854 -0.2648653 0
-0.9633263 -0.2683326 0
-0.9626508 -0.270746 0
-0.9619152 -0.273348 0
-0.9611086 -0.2761706 0
-0.960262 -0.2791001 0
-0.9593539 -0.282206 0
-0.9583668 -0.2855402 0
-0.9572983 -0.289102 0
-0.9552357 -0.295846 0
-0.9539225 -0.300053 0
-0.9525216 -0.3044711 0
-0.9510792 -0.3089472 0
-0.9495875 -0.3135019 0
-0.9479978 -0.3182769 0
-0.9463252 -0.323216 0
-0.944164 -0.3294759 0
-0.9406319 -0.3394284 0
-0.9385158 -0.3452364 0
-0.9363546 -0.3510555 0
-0.9341218 -0.3569541 0
-0.9317993 -0.362974 0
-0.9292982 -0.3693303 0
-0.9263899 -0.3765658 0
-0.923579 -0.3834082 0
-0.9184862 -0.3954532 0
-0.9154808 -0.4023616 0
-0.9123679 -0.4093711 0
-0.9091759 -0.4164122 0
-0.9058599 -0.4235774 0
-0.9023844 -0.430932 0
-0.8987704 -0.4384197 0
-0.8948618 -0.4463434 0
-0.8880398 -0.4597665 0
-0.8838946 -0.4676863 0
-0.8797272 -0.4754786 0
-0.8753902 -0.4834171 0
-0.870815 -0.4916108 0
-0.8658316 -0.5003355 0
-0.8613994 -0.5079282 0
-0.8568073 -0.5156368 0
-0.8482514 -0.5295938 0
-0.8431715 -0.5376446 0
-0.8379009 -0.5458224 0
-0.832657 -0.553789 0
-0.8275422 -0.5614035 0
-0.8223413 -0.5689945 0
-0.8168874 -0.576797 0
-0.8113644 -0.5845407 0
-0.800756 -0.5989906 0
-0.7948027 -0.6068678 0
-0.7890744 -0.6142977 0
-0.7832462 -0.6217118 0
-0.7770386 -0.6294529 0
-0.7709445 -0.6369023 0
-0.764923 -0.6441217 0
-0.7586789 -0.6514648 0
-0.7479109 -0.6637991 0
-0.741718 -0.6707119 0
-0.7354001 -0.6776332 0
-0.7291681 -0.6843346 0
-0.7227314 -0.691129 0
-0.7162876 -0.6978053 0
-0.7096944 -0.7045096 0
-0.7030114 -0.7111786 0
-0.6954789 -0.7185465 0
-0.677799 -0.7352472 0
-0.6710765 -0.7413881 0
-0.6610747 -0.7503201 0
-0.6541423 -0.7563715 0
-0.6470869 -0.7624162 0
-0.6398971 -0.7684606 0
-0.6327428 -0.7743621 0
-0.6197969 -0.7847622 0
-0.6118684 -0.7909596 0
-0.6039114 -0.7970514 0
-0.5957455 -0.8031732 0
-0.5874985 -0.8092253 0
-0.5791386 -0.8152291 0
-0.570802 -0.8210877 0
-0.5623859 -0.826875 0
-0.5535216 -0.8328348 0
-0.5377491 -0.8431049 0
-0.5285193 -0.8489213 0
-0.5196399 -0.8543854 0
-0.5106996 -0.8597593 0
-0.5015821 -0.8651101 0
-0.4924815 -0.8703229 0
-0.4830804 -0.875576 0
-0.4737863 -0.8806399 0
-0.4641138 -0.8857756 0
-0.4471212 -0.8944734 0
-0.4370388 -0.8994426 0
-0.4269571 -0.904272 0
-0.41731 -0.9087642 0
-0.4076369 -0.9131441 0
-0.397736 -0.9175 0
-0.3879189 -0.9216935 0
-0.3779446 -0.9258282 0
-0.3678131 -0.9298997 0
-0.3496395 -0.9368843 0
-0.3393616 -0.9406559 0
-0.328918 -0.9443585 0
-0.31879 -0.9478254 0
-0.3087961 -0.9511283 0
-0.2986084 -0.9543757 0
-0.2885936 -0.9574516 0
-0.2782954 -0.9604955 0
-0.2680537 -0.9634039 0
-0.2498697 -0.9682795 0
-0.2394099 -0.9709185 0
-0.2293772 -0.9733376 0
-0.2188691 -0.9757542 0
-0.2086891 -0.977982 0
-0.1987565 -0.980049 0
-0.1887984 -0.9820158 0
-0.1789205 -0.9838636 0
-0.1688471 -0.9856423 0
-0.1509043 -0.9885483 0
-0.1405802 -0.9900693 0
-0.1303708 -0.9914653 0
-0.1204919 -0.9927143 0
-0.1053621 -0.9944339 0
-0.0955837 -0.9954214 0
-0.08314665 -0.9965374 0
-0.07346532 -0.9972978 0
-0.055667 -0.9984494 0
-0.04647678 -0.9989194 0
-0.03698665 -0.9993157 0
-0.0276382 -0.9996179 0
-0.01845216 -0.9998297 0
-0.009205794 -0.9999576 0
-0.0002588082 -1 0
0.00869478 -0.9999622 0
0.02443075 -0.9997016 0
0.03343956 -0.9994407 0
0.04232995 -0.9991037 0
0.05071468 -0.9987132 0
0.05900783 -0.9982576 0
0.06750681 -0.9977188 0
0.07565615 -0.997134 0
0.08372978 -0.9964885 0
0.09196129 -0.9957626 0
0.1062252 -0.9943421 0
0.1143594 -0.9934394 0
0.1223466 -0.9924875 0
0.1299836 -0.9915161 0
0.1374425 -0.9905098 0
0.1448892 -0.9894478 0
0.1522792 -0.9883376 0
0.159646 -0.9871743 0
0.1668818 -0.9859769 0
0.1803133 -0.9836093 0
0.1871796 -0.9823257 0
0.1941628 -0.9809693 0
0.2008618 -0.9796196 0
0.2076604 -0.978201 0
0.2142102 -0.9767876 0
0.2207388 -0.975333 0
0.227235 -0.97384 0
0.2388008 -0.9710686 0
0.2452487 -0.9694602 0
0.2514166 -0.9678789 0
0.2573853 -0.9663089 0
0.2634177 -0.9646819 0
0.2692282 -0.9630764 0
0.2750543 -0.9614287 0
0.2807915 -0.9597688 0
0.2865768 -0.9580572 0
0.2965899 -0.955005 0
0.3022586 -0.9532259 0
0.3076942 -0.9514853 0
0.3129079 -0.9497835 0
0.3182301 -0.9480135 0
0.3233302 -0.9462862 0
0.3283288 -0.9445634 0
0.3332583 -0.9428356 0
0.3383145 -0.9410331 0
0.3470646 -0.9378412 0
0.3521012 -0.9359619 0
0.3573111 -0.9339855 0
0.3619569 -0.9321949 0
0.3667412 -0.930323 0
0.371262 -0.9285282 0
0.3756526 -0.9267605 0
0.3801024 -0.9249445 0
0.3891345 -0.921181 0
0.3934042 -0.9193656 0
0.3975449 -0.9175828 0
0.4016737 -0.9157829 0
0.4057869 -0.9139677 0
0.4102376 -0.9119787 0
0.4143135 -0.9101343 0
0.4182735 -0.9083211 0
0.4248683 -0.9052552 0
0.4286399 -0.9034753 0
0.4323121 -0.901724 0
0.4359559 -0.899968 0
0.4393809 -0.8983008 0
0.4427863 -0.8966272 0
0.4461193 -0.8949735 0
0.4494715 -0.8932946 0
0.4553383 -0.8903185 0
0.4585603 -0.8886633 0
0.4617914 -0.8869886 0
0.464844 -0.8853926 0
0.4678185 -0.8838246 0
0.4707939 -0.8822432 0
0.4736802 -0.8806969 0
0.4765265 -0.87916 0
0.4793835 -0.8776055 0
0.4844464 -0.8748209 0
0.4872417 -0.8732672 0
0.4900332 -0.8717038 0
0.4926398 -0.8702333 0
0.4951989 -0.8687796 0
0.4977789 -0.867304 0
0.5002604 -0.865875 0
0.5028102 -0.8643969 0
0.5070182 -0.8619353 0
0.5094901 -0.8604765 0
0.5119184 -0.8590341 0
0.5143949 -0.8575534 0
0.51662 -0.8562148 0
0.5188152 -0.8548864 0
0.5209836 -0.8535666 0
0.523185 -0.8522191 0
0.5269501 -0.8498963 0
0.5290654 -0.8485811 0
0.5311732 -0.8472632 0
0.5331409 -0.8460264 0
0.5350698 -0.8448079 0
0.5370513 -0.8435495 0
0.5389165 -0.8423592 0
0.5408228 -0.8411366 0
0.5442007 -0.838955 0
0.5459895 -0.837792 0
0.5477426 -0.836647 0
0.5494293 -0.8355403 0
0.5511379 -0.8344141 0
0.5527662 -0.8333364 0
0.554386 -0.8322597 0
0.5560643 -0.8311393 0
0.5591529 -0.8290646 0
0.5606662 -0.8280419 0
0.5621807 -0.8270144 0
0.563754 -0.8259428 0
0.5652155 -0.8249434 0
0.5666443 -0.8239626 0
0.5680428 -0.8229991 0
0.5694606 -0.8220187 0
0.5718313 -0.8203712 0
0.573117 -0.8194736 0
0.5743845 -0.8185858 0
0.5756141 -0.8177215 0
0.5768182 -0.8168726 0
0.5780073 -0.8160316 0
0.5791532 -0.8152187 0
0.5803036 -0.8144003 0
0.5822086 -0.8130394 0
0.5832754 -0.8122745 0
0.5843053 -0.8115339 0
0.5852916 -0.810823 0
0.586273 -0.8101136 0
0.5872603 -0.8093982 0
0.5881861 -0.8087257 0
0.5891325 -0.8080364 0
0.5906599 -0.8069206 0
0.5914982 -0.8063063 0
0.5923112 -0.8057092 0
0.5930855 -0.8051394 0
0.5938462 -0.8045786 0
0.5946251 -0.8040031 0
0.5953667 -0.8034542 0
0.5961158 -0.8028985 0
0.5972857 -0.8020286 0
0.5978788 -0.8015866 0
0.5984382 -0.801169 0
0.5989795 -0.8007644 0
0.5995021 -0.8003731 0
0.6000655 -0.7999508 0
0.6006139 -0.7995393 0
0.6010681 -0.7991978 0
0.6017764 -0.7986647 0
0.5997702 -0.8001723 0
0.5890555 -0.8080926 0
0.5795209 -0.8149574 0
0.5697986 -0.8217843 0
0.5601478 -0.8283927 0
0.5501782 -0.8350472 0
0.5398024 -0.8417917 0
0.5217155 -0.8531195 0
0.5111547 -0.8594888 0
0.5009153 -0.8654964 0
0.4903348 -0.8715341 0
0.4795322 -0.8775242 0
0.4660784 -0.8847433 0
0.4555877 -0.8901909 0
0.4431824 -0.8964315 0
0.4130116 -0.9107258 0
0.401907 -0.9156805 0
0.3906809 -0.9205262 0
0.3797825 -0.9250758 0
0.3687523 -0.9295276 0
0.356975 -0.934114 0
0.3444449 -0.9388065 0
0.3242307 -0.9459781 0
0.3127628 -0.9498313 0
0.3013003 -0.9535293 0
0.289606 -0.9571459 0
0.277796 -0.9606401 0
0.2652933 -0.9641677 0
0.2532074 -0.967412 0
0.241488 -0.9704038 0
0.2208271 -0.9753129 0
0.2094185 -0.9778261 0
0.1978468 -0.9802329 0
0.1866217 -0.9824319 0
0.1755339 -0.9844734 0
0.1643671 -0.9863992 0
0.1533662 -0.9881694 0
0.1420921 -0.9898535 0
0.1220914 -0.9925188 0
0.1106621 -0.993858 0
0.09968753 -0.9950188 0
0.08891605 -0.9960391 0
0.07813097 -0.9969432 0
0.06728614 -0.9977338 0
0.05634967 -0.9984111 0
0.04546628 -0.9989659 0
0.03464186 -0.9993998 0
0.0152421 -0.9998838 0
0.004191149 -0.9999912 0
-0.006381118 -0.9999797 0
-0.01684359 -0.9998581 0
-0.02820177 -0.9996022 0
-0.03884413 -0.9992452 0
-0.04930507 -0.9987838 0
-0.06002366 -0.9981969 0
-0.07879555 -0.9968908 0
-0.08889659 -0.9960408 0
-0.09894162 -0.9950932 0
-0.1088716 -0.9940558 0
-0.1190235 -0.9928915 0
-0.1305338 -0.9914439 0
-0.1407622 -0.9900435 0
-0.1516627 -0.9884323 0
-0.1703889 -0.9853769 0
-0.1802498 -0.9836209 0
-0.1900038 -0.9817834 0
-0.1996646 -0.9798643 0
-0.2093077 -0.9778499 0
-0.2190782 -0.9757073 0
-0.2286739 -0.9735031 0
-0.2384184 -0.9711625 0
-0.254904 -0.9669664 0
-0.2642027 -0.9644672 0
-0.2734223 -0.9618941 0
-0.2826073 -0.9592357 0
-0.2917563 -0.9564927 0
-0.3009689 -0.953634 0
-0.3105142 -0.9505687 0
-0.320272 -0.9473257 0
-0.3356266 -0.9419951 0
-0.3456929 -0.9383477 0
-0.3542821 -0.9351386 0
-0.3628576 -0.9318446 0
-0.3710757 -0.9286026 0
-0.3792345 -0.9253007 0
-0.3876083 -0.9218242 0
-0.3971057 -0.9177729 0
-0.4111911 -0.9115492 0
-0.4190612 -0.907958 0
-0.4269304 -0.9042845 0
-0.4346858 -0.9005821 0
-0.4423849 -0.8968253 0
-0.4500284 -0.8930143 0
-0.457642 -0.8891366 0
-0.4651736 -0.8852194 0
-0.4728505 -0.8811427 0
-0.4865064 -0.873677 0
-0.4942165 -0.8693388 0
-0.5015106 -0.8651516 0
-0.5087202 -0.860932 0
-0.5159472 -0.8566204 0
-0.5230511 -0.8523013 0
-0.5301391 -0.8479106 0
-0.537138 -0.8434944 0
-0.544331 -0.8388706 0
-0.5569322 -0.830558 0
-0.5645099 -0.8254263 0
-0.5716536 -0.820495 0
-0.5783431 -0.8157936 0
-0.5850847 -0.8109723 0
-0.5916967 -0.8061607 0
-0.598362 -0.8012259 0
-0.6049387 -0.796272 0
-0.6168402 -0.7870884 0
-0.6241668 -0.781291 0
-0.6312312 -0.7755947 0
-0.6379057 -0.7701145 0
-0.644519 -0.7645884 0
-0.6516151 -0.7585497 0
-0.6581511 -0.7528859 0
-0.6649941 -0.7468486 0
-0.6758203 -0.7370665 0
-0.6820267 -0.7313273 0
-0.6880345 -0.7256779 0
-0.6943214 -0.7196651 0
-0.7033724 -0.7108214 0
-0.709038 -0.7051703 0
-0.7146878 -0.6994436 0
-0.7206224 -0.6933277 0
-0.7325701 -0.6806915 0
-0.7382961 -0.6744767 0
-0.7439119 -0.6682776 0
-0.749541 -0.6619579 0
-0.754958 -0.6557732 0
-0.7606177 -0.6492 0
-0.7663314 -0.6424455 0
-0.7718281 -0.6358312 0
-0.7810194 -0.6245068 0
-0.7868099 -0.6171953 0
-0.7917429 -0.6108546 0
-0.7966338 -0.6044622 0
-0.8014706 -0.5980343 0
-0.8063251 -0.5914726 0
-0.8110648 -0.5849563 0
-0.8160188 -0.5780255 0
-0.8244081 -0.5659958 0
-0.8291935 -0.5589616 0
-0.8339542 -0.5518337 0
-0.8384166 -0.5450299 0
-0.8428106 -0.5382103 0
-0.8472562 -0.5311844 0
-0.8515477 -0.5242772 0
-0.8559847 -0.517001 0
-0.8635958 -0.5041848 0
-0.867861 -0.4968069 0
-0.8720989 -0.4893295 0
-0.8760971 -0.4821347 0
-0.8801132 -0.4747638 0
-0.8840111 -0.4674659 0
-0.887887 -0.4600615 0
-0.8916714 -0.4526833 0
-0.8955516 -0.4449576 0
-0.9022089 -0.4312995 0
-0.9059407 -0.4234045 0
-0.9095022 -0.4156992 0
-0.9129474 -0.4080774 0
-0.9163733 -0.4003249 0
-0.9197574 -0.3924872 0
-0.9234893 -0.3836243 0
-0.9272646 -0.3744067 0
-0.933027 -0.3598064 0
-0.9361179 -0.351686 0
-0.9391773 -0.3434326 0
-0.9421504 -0.3351905 0
-0.945034 -0.3269719 0
-0.9478723 -0.3186502 0
-0.9506382 -0.3103014 0
-0.953375 -0.3017882 0
-0.957969 -0.2868718 0
-0.9605031 -0.2782691 0
-0.9629088 -0.2698269 0
-0.9652788 -0.2612217 0
-0.9680398 -0.2507967 0
-0.9706817 -0.2403686 0
-0.9727099 -0.2320249 0
-0.9747136 -0.223458 0
-0.9781449 -0.2079243 0
-0.9799718 -0.1991365 0
-0.9816847 -0.1905131 0
-0.983291 -0.1820405 0
-0.9848632 -0.1733336 0
-0.9863244 -0.1648159 0
-0.987913 -0.1550092 0
-0.9892685 -0.1461089 0
-0.9914638 -0.1303826 0
-0.992567 -0.1216995 0
-0.9936009 -0.1129482 0
-0.9945579 -0.1041861 0
-0.9954628 -0.09515189 0
-0.996278 -0.0861987 0
-0.9971122 -0.07594381 0
-0.9977748 -0.06667419 0
-0.9987152 -0.05067553 0
-0.999132 -0.0416544 0
-0.9994714 -0.03250946 0
-0.9997362 -0.02296656 0
-0.999904 -0.01385768 0
-0.999988 -0.004897012 0
-1 4.637797E-06 0
-1 4.809522E-05 0
-1 0.0002266514 0
-0.9999999 0.0003878248 0
-0.9999998 0.000591682 0
-0.9999996 0.0008378124 0
-0.9999993 0.001134273 0
-0.9999989 0.001481297 0
-0.9999982 0.0018923 0
-0.9999973 0.002328948 0
-0.999995 0.003168463 0
-0.9999928 0.003781715 0
-0.9999903 0.004409561 0
-0.9999872 0.005052072 0
-0.9999836 0.005732353 0
-0.9999793 0.006434362 0
-0.9999743 0.007177994 0
-0.9999681 0.007991973 0
-0.9999548 0.009515402 0
-0.9999453 0.01046502 0
-0.9999343 0.01145975 0
-0.9999225 0.01245484 0
-0.9999087 0.01351386 0
-0.9998837 0.01525538 0
-0.9998656 0.016392 0
-0.999844 0.01766777 0
-0.9997995 0.02002241 0
-0.9997671 0.02158307 0
-0.9997299 0.02324075 0
-0.9996786 0.02535068 0
-0.999638 0.0269028 0
-0.9995934 0.02851359 0
-0.9995399 0.03033276 0
-0.9994298 0.03376422 0
-0.999368 0.03554612 0
-0.9993038 0.03731005 0
-0.9992358 0.03908677 0
-0.9991636 0.04089203 0
-0.9990824 0.04282979 0
-0.9989827 0.04509385 0
-0.9988896 0.04711224 0
-0.9987139 0.05070045 0
-0.9986078 0.05275071 0
-0.9984917 0.05490325 0
-0.998355 0.05733361 0
-0.9982229 0.05959031 0
-0.9980794 0.0619479 0
-0.9979307 0.06429876 0
-0.9977694 0.066756 0
-0.9974795 0.07095514 0
-0.9972989 0.07345055 0
-0.9971101 0.07596882 0
-0.9969064 0.07859723 0
-0.996696 0.08122252 0
-0.9964771 0.08386493 0
-0.9962409 0.08662628 0
-0.9959838 0.08953335 0
-0.9955126 0.09462902 0
-0.9952073 0.09778801 0
-0.9949321 0.1005486 0
-0.9946451 0.10335 0
-0.994347 0.1061797 0
-0.9940304 0.1091031 0
-0.9937026 0.1120493 0
-0.9933599 0.1150477 0
-0.9927105 0.1205234 0
-0.9923159 0.1237304 0
-0.9919277 0.1268046 0
-0.9915279 0.1298942 0
-0.9910926 0.1331741 0
-0.9906114 0.1367081 0
-0.990161 0.1399328 0
-0.9896896 0.1432286 0
-0.9888571 0.1488681 0
-0.9883298 0.1523295 0
-0.9878058 0.1556908 0
-0.9872714 0.159045 0
-0.9867156 0.1624567 0
-0.9861484 0.1658652 0
-0.9855516 0.1693754 0
-0.9849505 0.1728367 0
-0.9843154 0.1764176 0
-0.983144 0.1828326 0
-0.9824407 0.1865753 0
-0.9817153 0.1903554 0
-0.9810004 0.1940058 0
-0.9802759 0.1976338 0
-0.9795287 0.2013046 0
-0.978767 0.204976 0
-0.9779459 0.208858 0
-0.9765454 0.2153117 0
-0.9756438 0.2193612 0
-0.9747303 0.223385 0
-0.9738104 0.2273616 0
-0.9729057 0.2312026 0
-0.9719894 0.2350248 0
-0.971025 0.2389777 0
-0.9700606 0.242863 0
-0.9690449 0.2468843 0
-0.9672236 0.2539262 0
-0.9661388 0.258023 0
-0.9650159 0.2621913 0
-0.9639381 0.2661265 0
-0.9628397 0.2700739 0
-0.9617204 0.2740326 0
-0.9605806 0.2780016 0
-0.9593943 0.2820684 0
-0.9581963 0.2861117 0
-0.9560034 0.2933554 0
-0.9546481 0.2977367 0
-0.9533859 0.3017536 0
-0.9520396 0.3059748 0
-0.9507241 0.3100382 0
-0.9493989 0.3140728 0
-0.9480347 0.3181671 0
-0.9466596 0.3222355 0
-0.9452221 0.3264278 0
-0.9426678 0.3337325 0
-0.9409932 0.3384253 0
-0.9394785 0.342608 0
-0.9379905 0.3466609 0
-0.9364373 0.3508351 0
-0.9348217 0.3551174 0
-0.9332166 0.3593142 0
-0.9315468 0.3636215 0
-0.92872 0.3707818 0
-0.9270573 0.3749197 0
-0.9251595 0.3795786 0
-0.9233559 0.3839452 0
-0.9213242 0.3887951 0
-0.9195307 0.3930182 0
-0.9177226 0.397222 0
-0.9158037 0.4016261 0
-0.9123874 0.4093278 0
-0.9104518 0.4136151 0
-0.9084215 0.4180555 0
-0.9063777 0.4224682 0
-0.9033971 0.4288049 0
-0.9011681 0.4334698 0
-0.8987797 0.4384007 0
-0.8952338 0.4455968 0
-0.8929946 0.4500672 0
-0.890894 0.4542113 0
-0.8888127 0.4582705 0
-0.8867293 0.4622891 0
-0.8842776 0.4669616 0
-0.8821492 0.4709702 0
-0.8798124 0.4753211 0
-0.8750489 0.4840345 0
-0.8729159 0.4878707 0
-0.8706071 0.4919788 0
-0.8677462 0.4970075 0
-0.8653539 0.5011612 0
-0.8628108 0.505527 0
-0.8603172 0.5097591 0
-0.855913 0.5171199 0
-0.8535689 0.5209799 0
-0.8509288 0.5252811 0
-0.8484527 0.5292712 0
-0.8460307 0.5331342 0
-0.8429208 0.5380377 0
-0.8403664 0.5420187 0
-0.8363755 0.5481569 0
-0.8337556 0.5521337 0
-0.8312569 0.5558885 0
-0.8284593 0.5600492 0
-0.8259165 0.5637925 0
-0.8236679 0.5670725 0
-0.8207225 0.571327 0
-0.8175627 0.5758396 0
-0.8132326 0.5819387 0
-0.8108341 0.5852761 0
-0.8084353 0.5885851 0
-0.8059914 0.5919272 0
-0.8033893 0.5954542 0
-0.8009159 0.5987768 0
-0.7969274 0.6040751 0
-0.7918149 0.6107611 0
-0.7893198 0.6139823 0
-0.7868487 0.6171459 0
-0.784406 0.6202478 0
-0.7820611 0.6232017 0
-0.7794816 0.6264251 0
-0.7770511 0.6294375 0
-0.7746218 0.6324248 0
-0.7703611 0.6376078 0
-0.7679604 0.6404974 0
-0.7653815 0.6435769 0
-0.7630387 0.6463527 0
-0.7606733 0.6491349 0
-0.758318 0.6518849 0
-0.7559117 0.6546736 0
-0.7536091 0.6573229 0
-0.7497509 0.6617202 0
-0.7474098 0.6643633 0
-0.7450694 0.6669869 0
-0.7427529 0.6695656 0
-0.7405542 0.6719967 0
-0.7383703 0.6743955 0
-0.736129 0.6768412 0
-0.7339341 0.6792207 0
-0.7316617 0.681668 0
-0.729396 0.6840917 0
